Fecha (UTC-5);Lat;Lon;Fuente;Temperatura (C);Temperatura Alt* (C);Radiación térmica (MW);Confianza;Captura (Dia-Noche);Scan - real pixel size (km);Track - real pixel size (km)
2026-07-17 01:31;11,03012;-72,66159;VIIRS-NOAA-20;42,2;23,6;2,2;Nominal;N;0,4;0,37
2026-07-17 01:31;10,96384;-72,73212;VIIRS-NOAA-20;35,4;22,7;2,2;Nominal;N;0,4;0,37
2026-07-17 01:31;10,97668;-72,72625;VIIRS-NOAA-20;34,5;23,3;3,0;Nominal;N;0,4;0,37
2026-07-17 01:31;10,55231;-73,49436;VIIRS-NOAA-20;28,1;16,6;3,9;Nominal;N;0,39;0,36
2026-07-17 01:31;10,55287;-73,49783;VIIRS-NOAA-20;55,4;19,3;8,2;Nominal;N;0,39;0,36
2026-07-17 01:31;11,03348;-72,66101;VIIRS-NOAA-20;33,8;23,7;2,2;Nominal;N;0,4;0,37
2026-07-17 01:31;11,09369;-72,65822;VIIRS-NOAA-20;34,6;23,0;2,9;Nominal;N;0,4;0,37
2026-07-17 01:31;11,15598;-72,53155;VIIRS-NOAA-20;35,7;22,2;3,3;Nominal;N;0,4;0,37
2026-07-17 01:31;11,31649;-73,21082;VIIRS-NOAA-20;41,2;21,7;1,9;Nominal;N;0,39;0,36
2026-07-17 01:33;4,47865;-75,13454;VIIRS-NOAA-20;31,2;10,2;;Nominal;N;0,39;0,36
2026-07-17 01:33;5,0231;-75,07317;VIIRS-NOAA-20;41,7;6,3;2,5;Nominal;N;0,39;0,36
2026-07-17 01:33;5,02364;-75,07657;VIIRS-NOAA-20;54,4;7,2;2,5;Nominal;N;0,39;0,36
2026-07-17 01:33;5,14401;-75,4693;VIIRS-NOAA-20;36,4;14,7;1,2;Nominal;N;0,38;0,36
2026-07-17 01:33;6,34349;-75,72326;VIIRS-NOAA-20;24,8;7,7;;Nominal;N;0,39;0,36
2026-07-17 01:33;6,34403;-75,72665;VIIRS-NOAA-20;34,5;7,3;;Nominal;N;0,39;0,36
2026-07-17 01:33;6,385;-72,68287;VIIRS-NOAA-20;43,6;-2,5;3,0;Nominal;N;0,44;0,38
2026-07-17 01:33;6,38431;-72,67854;VIIRS-NOAA-20;60,2;1,0;3,0;Nominal;N;0,44;0,38
2026-07-17 01:33;7,74575;-73,19709;VIIRS-NOAA-20;32,5;4,1;1,0;Nominal;N;0,41;0,37
2026-07-17 01:33;7,88889;-72,56387;VIIRS-NOAA-20;33,7;12,7;1,3;Nominal;N;0,43;0,38
2026-07-17 01:33;7,89297;-72,56715;VIIRS-NOAA-20;36,5;12,5;2,3;Nominal;N;0,43;0,38
2026-07-17 01:33;7,89731;-72,59394;VIIRS-NOAA-20;31,7;11,6;;Nominal;N;0,43;0,38
2026-07-17 01:33;7,89705;-72,57043;VIIRS-NOAA-20;31,8;11,9;1,2;Nominal;N;0,43;0,38
2026-07-17 01:33;8,6511;-73,834;VIIRS-NOAA-20;32,6;19,8;;Nominal;N;0,39;0,36
2026-07-17 01:33;8,83274;-73,94894;VIIRS-NOAA-20;37,0;22,8;1,9;Nominal;N;0,39;0,36
2026-07-17 01:33;9,10643;-73,49205;VIIRS-NOAA-20;60,7;24,2;6,3;Nominal;N;0,39;0,36
2026-07-17 01:33;9,20108;-73,6798;VIIRS-NOAA-20;33,2;22,1;1,1;Nominal;N;0,39;0,36
2026-07-17 01:33;9,23654;-73,85788;VIIRS-NOAA-20;55,8;23,3;2,1;Nominal;N;0,39;0,36
2026-07-17 01:33;9,35136;-73,59781;VIIRS-NOAA-20;33,4;20,5;1,5;Nominal;N;0,39;0,36
2026-07-17 01:33;9,35453;-73,55376;VIIRS-NOAA-20;51,0;21,9;2,7;Nominal;N;0,39;0,36
2026-07-17 01:33;9,3551;-73,5573;VIIRS-NOAA-20;57,5;22,1;2,7;Nominal;N;0,39;0,36
2026-07-17 01:33;9,35843;-73,55676;VIIRS-NOAA-20;47,7;19,1;1,3;Nominal;N;0,39;0,36
2026-07-17 01:33;9,36119;-73,55269;VIIRS-NOAA-20;32,5;17,9;1,3;Nominal;N;0,39;0,36
2026-07-17 01:33;9,36175;-73,55622;VIIRS-NOAA-20;42,4;17,5;1,3;Nominal;N;0,39;0,36
2026-07-17 01:33;9,68481;-73,49259;VIIRS-NOAA-20;38,8;23,6;1,0;Nominal;N;0,39;0,36
2026-07-17 01:33;9,74174;-73,5085;VIIRS-NOAA-20;40,7;25,8;2,2;Nominal;N;0,39;0,36
2026-07-17 01:33;9,75988;-73,47285;VIIRS-NOAA-20;43,5;25,4;1,1;Nominal;N;0,39;0,36
2026-07-17 01:33;9,7632;-73,47231;VIIRS-NOAA-20;40,4;25,4;1,1;Nominal;N;0,39;0,36
2026-07-17 01:33;9,76377;-73,47585;VIIRS-NOAA-20;36,5;24,9;1,1;Nominal;N;0,39;0,36
2026-07-17 01:33;9,76709;-73,47531;VIIRS-NOAA-20;37,0;25,0;;Nominal;N;0,39;0,36
2026-07-17 01:33;9,85163;-73,11702;VIIRS-NOAA-20;60,4;23,2;6,2;Nominal;N;0,4;0,37
2026-07-17 01:33;10,31955;-75,48676;VIIRS-NOAA-20;35,9;23,6;2,2;Nominal;N;0,39;0,36
2026-07-17 01:33;10,34776;-75,47519;VIIRS-NOAA-20;42,5;22,8;1,7;Nominal;N;0,39;0,36
2026-07-17 01:33;10,36664;-75,48682;VIIRS-NOAA-20;40,0;23,2;1,8;Nominal;N;0,39;0,36
2026-07-17 01:33;10,03283;-73,09842;VIIRS-NOAA-20;27,0;16,6;;Nominal;N;0,4;0,37
2026-07-17 01:33;10,1949;-74,02489;VIIRS-NOAA-20;44,2;22,9;1,4;Nominal;N;0,39;0,36
2026-07-17 01:33;10,45936;-75,09772;VIIRS-NOAA-20;37,4;22,9;;Nominal;N;0,39;0,36
2026-07-17 01:33;3,5796;-75,7453;VIIRS-NOAA-20;38,3;3,1;1,2;Nominal;N;0,38;0,36
2026-07-17 00:38;11,31415;-73,2083;VIIRS-NOAA-21;32,2;15,4;1,5;Nominal;N;0,57;0,69
2026-07-17 00:38;11,11532;-72,58395;VIIRS-NOAA-21;28,0;16,5;3,1;Nominal;N;0,52;0,66
2026-07-17 00:38;9,23419;-73,8582;VIIRS-NOAA-21;34,0;23,3;3,5;Nominal;N;0,6;0,7
2026-07-17 00:38;9,35474;-73,55376;VIIRS-NOAA-21;34,1;23,1;6,3;Nominal;N;0,57;0,69
2026-07-17 00:38;9,35538;-73,55891;VIIRS-NOAA-21;71,5;24,3;6,3;Nominal;N;0,57;0,69
2026-07-17 00:38;9,36107;-73,55299;VIIRS-NOAA-21;34,6;22,8;1,9;Nominal;N;0,57;0,69
2026-07-17 00:38;9,36171;-73,55814;VIIRS-NOAA-21;35,0;22,8;1,9;Nominal;N;0,57;0,69
2026-07-17 00:38;10,03577;-73,3446;VIIRS-NOAA-21;32,7;21,1;1,2;Nominal;N;0,56;0,69
2026-07-17 00:38;10,34493;-75,47647;VIIRS-NOAA-21;56,6;18,8;9,4;Nominal;N;0,8;0,78
2026-07-17 00:40;5,24395;-68,9578;VIIRS-NOAA-21;34,4;18,5;1,6;Nominal;N;0,48;0,48
2026-07-17 00:40;5,24391;-68,95369;VIIRS-NOAA-21;40,2;18,5;1,7;Nominal;N;0,48;0,48
2026-07-17 00:40;5,24452;-68,95796;VIIRS-NOAA-21;34,1;18,2;1,8;Nominal;N;0,48;0,48
2026-07-17 00:40;5,23608;-70,63113;VIIRS-NOAA-21;30,8;16,0;2,4;Nominal;N;0,62;0,54
2026-07-17 00:40;5,2402;-70,62489;VIIRS-NOAA-21;41,3;16,0;2,4;Nominal;N;0,62;0,54
2026-07-17 00:40;5,24101;-70,63044;VIIRS-NOAA-21;34,0;16,1;2,4;Nominal;N;0,62;0,54
2026-07-17 00:40;6,38369;-72,67855;VIIRS-NOAA-21;57,7;13,9;7,3;Nominal;N;0,45;0,63
2026-07-17 00:40;6,38407;-72,68133;VIIRS-NOAA-21;57,4;13,9;8,0;Nominal;N;0,45;0,63
2026-07-17 00:40;6,95678;-71,08867;VIIRS-NOAA-21;32,4;18,9;1,6;Nominal;N;0,35;0,57
2026-07-17 00:40;7,85968;-72,62827;VIIRS-NOAA-21;60,8;16,6;6,2;Nominal;N;0,47;0,64
2026-07-17 00:40;7,89336;-72,56886;VIIRS-NOAA-21;31,0;16,8;3,3;Nominal;N;0,46;0,64
2026-07-17 00:40;5,24332;-68,95354;VIIRS-NOAA-21;38,8;18,4;1,5;Nominal;N;0,48;0,48
2026-07-17 02:18;11,02749;-72,66882;VIIRS-NOAA-21;29,6;17,4;5,0;Nominal;N;0,79;0,78
2026-07-17 02:18;10,97601;-72,72544;VIIRS-NOAA-21;32,9;17,8;4,3;Nominal;N;0,79;0,78
2026-07-17 02:18;11,02908;-72,66212;VIIRS-NOAA-21;31,7;17,8;5,2;Nominal;N;0,79;0,78
2026-07-17 02:20;10,4554;-75,10085;VIIRS-NOAA-21;41,9;20,4;3,4;Nominal;N;0,55;0,68
2026-07-17 02:20;9,76097;-73,47684;VIIRS-NOAA-21;52,9;22,2;8,6;Nominal;N;0,74;0,76
2026-07-17 02:20;9,76169;-73,47883;VIIRS-NOAA-21;48,6;22,0;7,8;Nominal;N;0,74;0,76
2026-07-17 02:20;9,73873;-73,5088;VIIRS-NOAA-21;33,1;21,3;6,4;Nominal;N;0,73;0,76
2026-07-17 01:14;11,14685;-72,53259;VIIRS-Suomi-NPP;33,4;21,9;4,5;Nominal;N;0,55;0,43
2026-07-17 01:14;9,23583;-73,85642;VIIRS-Suomi-NPP;35,2;24,6;2,4;Nominal;N;0,42;0,45
2026-07-17 01:14;9,35569;-73,55554;VIIRS-Suomi-NPP;45,9;20,9;2,7;Nominal;N;0,4;0,44
2026-07-17 01:14;9,35622;-73,55924;VIIRS-Suomi-NPP;55,6;21,3;2,7;Nominal;N;0,4;0,44
2026-07-17 01:14;9,35927;-73,55125;VIIRS-Suomi-NPP;34,2;19,3;1,2;Nominal;N;0,4;0,44
2026-07-17 01:14;9,3598;-73,55494;VIIRS-Suomi-NPP;43,0;20,4;1,6;Nominal;N;0,4;0,44
2026-07-17 01:14;9,36032;-73,55863;VIIRS-Suomi-NPP;39,7;21,0;1,6;Nominal;N;0,4;0,44
2026-07-17 01:14;9,74483;-73,50384;VIIRS-Suomi-NPP;36,5;25,1;2,1;Nominal;N;0,41;0,45
2026-07-17 01:14;9,85146;-73,11667;VIIRS-Suomi-NPP;67,5;21,2;8,1;Nominal;N;0,39;0,44
2026-07-17 01:14;10,03668;-73,34215;VIIRS-Suomi-NPP;30,6;15,7;;Nominal;N;0,4;0,44
2026-07-17 01:14;10,34874;-75,47165;VIIRS-Suomi-NPP;35,9;20,9;1,8;Nominal;N;0,56;0,51
2026-07-17 01:14;10,34943;-75,47684;VIIRS-Suomi-NPP;38,9;21,4;2,6;Nominal;N;0,56;0,51
2026-07-17 01:14;10,19663;-74,02677;VIIRS-Suomi-NPP;37,2;22,2;1,3;Nominal;N;0,44;0,46
2026-07-17 01:14;10,55158;-73,4968;VIIRS-Suomi-NPP;45,7;16,2;1,8;Nominal;N;0,42;0,45
2026-07-17 01:14;11,31656;-73,21121;VIIRS-Suomi-NPP;49,2;20,7;3,0;Nominal;N;0,41;0,45
2026-07-17 01:14;9,20344;-74,30655;VIIRS-Suomi-NPP;36,5;21,6;1,8;Nominal;N;0,45;0,47
2026-07-17 01:14;9,23481;-73,85674;VIIRS-Suomi-NPP;37,9;24,9;1,0;Nominal;N;0,42;0,45
2026-07-17 01:14;7,85892;-72,62785;VIIRS-Suomi-NPP;30,4;12,4;2,2;Nominal;N;0,51;0,41
2026-07-17 01:14;9,20202;-74,30901;VIIRS-Suomi-NPP;36,8;22,4;1,7;Nominal;N;0,45;0,47
2026-07-17 01:16;4,47811;-75,13538;VIIRS-Suomi-NPP;28,3;12,5;;Nominal;N;0,44;0,46
2026-07-17 01:16;6,38655;-72,67865;VIIRS-Suomi-NPP;34,2;14,2;4,0;Nominal;N;0,49;0,41
2026-07-17 01:16;6,38335;-72,68269;VIIRS-Suomi-NPP;32,8;10,5;4,0;Nominal;N;0,49;0,41
2026-07-17 01:16;6,38713;-72,68251;VIIRS-Suomi-NPP;61,8;16,0;4,0;Nominal;N;0,49;0,41
2026-07-17 01:16;5,16698;-69,50439;VIIRS-Suomi-NPP;48,4;19,5;1,6;Nominal;N;0,38;0,36
2026-07-17 01:16;6,38277;-72,67878;VIIRS-Suomi-NPP;57,3;14,9;4,0;Nominal;N;0,49;0,41
2026-07-17 01:16;5,23844;-70,62948;VIIRS-Suomi-NPP;34,8;9,9;1,2;Nominal;N;0,4;0,37
2026-07-17 08:57;8,44829;-73,55199;MODIS-Terra;38,7;26,7;8,6;60 %;D;1,27;1,12
2026-07-17 08:57;8,44704;-73,55861;MODIS-Terra;54,1;27,2;29,1;82 %;D;1,27;1,12
2026-07-17 08:57;8,02603;-72,47661;MODIS-Terra;37,7;24,0;9,4;56 %;D;1,53;1,22
2026-07-17 08:57;7,80429;-73,78487;MODIS-Terra;42,0;25,7;8,7;65 %;D;1,26;1,11
2026-07-17 08:57;6,05916;-73,91324;MODIS-Terra;35,1;19,1;9,5;65 %;D;1,3;1,13
2026-07-17 08:57;6,05769;-73,90334;MODIS-Terra;36,3;19,1;11,2;67 %;D;1,31;1,13
2026-07-17 08:57;6,03179;-74,55067;MODIS-Terra;36,4;21,7;4,8;64 %;D;1,19;1,09
2026-07-17 08:57;9,3478;-73,60593;MODIS-Terra;48,0;33,4;8,2;65 %;D;1,23;1,1
2026-07-17 08:57;9,34618;-73,59512;MODIS-Terra;48,2;33,2;8,9;70 %;D;1,23;1,1
2026-07-17 08:57;8,4501;-73,56379;MODIS-Terra;53,7;27,2;28,6;81 %;D;1,27;1,12
2026-07-17 08:57;10,84514;-73,314;MODIS-Terra;51,3;28,0;24,3;80 %;D;1,22;1,1
2026-07-17 08:57;10,78012;-74,78844;MODIS-Terra;51,2;29,3;13,8;79 %;D;1,05;1,02
2026-07-17 08:57;10,38381;-73,31989;MODIS-Terra;41,8;29,0;5,7;42 %;D;1,24;1,11
2026-07-17 08:57;8,48211;-73,37701;MODIS-Terra;35,2;21,2;8,6;45 %;D;1,31;1,13
2026-07-17 08:57;9,93652;-73,90052;MODIS-Terra;46,9;32,2;8,5;65 %;D;1,17;1,07
2026-07-17 08:57;9,37031;-73,55822;MODIS-Terra;47,6;32,6;9,1;63 %;D;1,24;1,11
2026-07-17 08:57;9,39868;-73,81633;MODIS-Terra;46,8;32,1;10,2;70 %;D;1,2;1,09
2026-07-17 08:57;9,36226;-73,57054;MODIS-Terra;47,5;32,6;8,1;32 %;D;1,24;1,1
2026-07-17 08:57;9,36065;-73,55968;MODIS-Terra;72,2;35,0;56,8;93 %;D;1,24;1,11
2026-07-17 08:59;3,39481;-75,12406;MODIS-Terra;37,1;17,7;6,9;57 %;D;1,19;1,09
2026-07-17 08:59;2,19487;-75,63077;MODIS-Terra;34,1;21,4;4,5;64 %;D;1,16;1,07
2026-07-17 12:17;5,72414;-67,81432;VIIRS-Suomi-NPP;54,9;17,5;2,9;Nominal;D;0,5;0,66
2026-07-17 12:17;4,34461;-70,29861;VIIRS-Suomi-NPP;52,9;13,0;5,7;Nominal;D;0,78;0,78
2026-07-17 12:17;5,17161;-69,7054;VIIRS-Suomi-NPP;75,1;12,3;9,0;Nominal;D;0,69;0,74
2026-07-17 12:37;6,85741;-74,11307;VIIRS-NOAA-20;93,9;17,4;26,9;Alta;D;0,49;0,65
2026-07-17 12:37;6,57382;-75,06911;VIIRS-NOAA-20;56,5;20,1;4,2;Nominal;D;0,58;0,7
2026-07-17 12:37;6,19928;-76,05601;VIIRS-NOAA-20;59,2;13,7;10,6;Nominal;D;0,69;0,75
2026-07-17 12:37;6,38747;-74,20266;VIIRS-NOAA-20;76,9;15,6;7,3;Nominal;D;0,51;0,66
2026-07-17 12:37;6,38738;-72,68649;VIIRS-NOAA-20;78,6;22,6;13,8;Nominal;D;0,4;0,6
2026-07-17 12:37;6,38821;-72,68178;VIIRS-NOAA-20;57,5;21,4;8,8;Nominal;D;0,4;0,6
2026-07-17 12:37;6,3878;-72,68411;VIIRS-NOAA-20;93,9;21,3;8,8;Alta;D;0,4;0,6
2026-07-17 12:37;6,38201;-72,68501;VIIRS-NOAA-20;68,4;21,8;13,8;Nominal;D;0,4;0,6
2026-07-17 12:37;6,38244;-72,68254;VIIRS-NOAA-20;66,2;24,1;8,8;Nominal;D;0,4;0,6
2026-07-17 12:37;6,38287;-72,68012;VIIRS-NOAA-20;70,4;26,5;8,8;Nominal;D;0,4;0,6
2026-07-17 12:37;9,35756;-73,74722;VIIRS-NOAA-20;58,3;29,7;4,9;Baja;D;0,42;0,61
2026-07-17 12:37;9,35618;-73,75475;VIIRS-NOAA-20;61,9;29,3;9,2;Nominal;D;0,42;0,61
2026-07-17 12:37;8,97418;-74,55312;VIIRS-NOAA-20;59,1;27,2;5,8;Nominal;D;0,49;0,65
2026-07-17 12:37;9,06342;-74,13941;VIIRS-NOAA-20;82,6;28,8;7,2;Nominal;D;0,45;0,63
2026-07-17 12:37;9,19915;-73,67882;VIIRS-NOAA-20;59,9;33,1;4,8;Baja;D;0,42;0,61
2026-07-17 12:37;9,25963;-73,69388;VIIRS-NOAA-20;60,3;28,0;2,9;Nominal;D;0,42;0,61
2026-07-17 12:37;9,25894;-73,69765;VIIRS-NOAA-20;57,1;28,2;2,9;Baja;D;0,42;0,61
2026-07-17 12:37;9,27413;-73,64626;VIIRS-NOAA-20;61,2;30,6;3,3;Nominal;D;0,42;0,61
2026-07-17 12:37;9,23581;-73,85468;VIIRS-NOAA-20;75,6;30,6;6,8;Nominal;D;0,43;0,62
2026-07-17 12:37;9,23511;-73,85852;VIIRS-NOAA-20;79,0;32,8;6,8;Nominal;D;0,43;0,62
2026-07-17 12:37;9,192;-74,12418;VIIRS-NOAA-20;77,0;31,7;4,1;Nominal;D;0,45;0,63
2026-07-17 12:37;9,34874;-73,3614;VIIRS-NOAA-20;57,7;27,2;4,5;Nominal;D;0,4;0,6
2026-07-17 12:37;9,34798;-73,36563;VIIRS-NOAA-20;60,2;30,7;4,6;Nominal;D;0,4;0,6
2026-07-17 12:37;9,31076;-73,6338;VIIRS-NOAA-20;93,9;34,2;29,0;Alta;D;0,41;0,61
2026-07-17 12:37;9,31008;-73,63755;VIIRS-NOAA-20;74,1;35,9;29,0;Nominal;D;0,41;0,61
2026-07-17 12:37;9,31629;-73,63487;VIIRS-NOAA-20;93,9;31,4;29,0;Alta;D;0,41;0,61
2026-07-17 12:37;9,31562;-73,63859;VIIRS-NOAA-20;82,1;32,0;29,0;Nominal;D;0,41;0,61
2026-07-17 12:37;9,30979;-73,63381;VIIRS-NOAA-20;93,9;32,0;26,0;Alta;D;0,41;0,61
2026-07-17 12:37;9,30909;-73,63755;VIIRS-NOAA-20;77,0;33,3;26,0;Nominal;D;0,41;0,61
2026-07-17 12:37;9,31533;-73,63484;VIIRS-NOAA-20;93,9;32,2;22,9;Alta;D;0,41;0,61
2026-07-17 12:37;9,31462;-73,63857;VIIRS-NOAA-20;79,0;34,9;22,9;Nominal;D;0,41;0,61
2026-07-17 12:37;9,14857;-74,64116;VIIRS-NOAA-20;93,9;29,1;12,7;Alta;D;0,49;0,65
2026-07-17 12:37;9,35675;-73,53566;VIIRS-NOAA-20;64,1;28,9;5,9;Nominal;D;0,41;0,6
2026-07-17 12:37;9,35951;-73,55135;VIIRS-NOAA-20;93,9;32,0;12,7;Alta;D;0,41;0,6
2026-07-17 12:37;9,36019;-73,54768;VIIRS-NOAA-20;69,1;28,2;12,2;Nominal;D;0,41;0,6
2026-07-17 12:37;9,35883;-73,55501;VIIRS-NOAA-20;57,5;30,1;12,7;Nominal;D;0,41;0,6
2026-07-17 12:37;9,36296;-73,56341;VIIRS-NOAA-20;72,0;28,7;5,0;Nominal;D;0,41;0,61
2026-07-17 12:37;9,34991;-73,6336;VIIRS-NOAA-20;59,6;33,0;3,3;Baja;D;0,41;0,61
2026-07-17 12:37;9,38413;-73,51051;VIIRS-NOAA-20;63,4;28,0;3,9;Nominal;D;0,41;0,6
2026-07-17 12:37;9,38346;-73,51415;VIIRS-NOAA-20;61,4;29,3;3,9;Nominal;D;0,41;0,6
2026-07-17 12:37;9,34155;-73,74032;VIIRS-NOAA-20;62,3;25,7;12,9;Nominal;D;0,42;0,61
2026-07-17 12:37;9,34782;-73,73759;VIIRS-NOAA-20;61,2;23,3;13,5;Nominal;D;0,42;0,61
2026-07-17 12:37;9,34713;-73,74135;VIIRS-NOAA-20;81,2;29,3;12,9;Nominal;D;0,42;0,61
2026-07-17 12:37;9,24193;-74,37088;VIIRS-NOAA-20;57,3;29,3;2,0;Baja;D;0,47;0,64
2026-07-17 12:37;9,36175;-73,7558;VIIRS-NOAA-20;67,0;29,3;5,3;Nominal;D;0,42;0,61
2026-07-17 12:37;9,20668;-74,62508;VIIRS-NOAA-20;93,9;32,1;15,0;Alta;D;0,49;0,65
2026-07-17 12:37;9,40148;-73,57059;VIIRS-NOAA-20;67,1;27,3;2,7;Nominal;D;0,41;0,61
2026-07-17 12:37;9,40699;-73,57161;VIIRS-NOAA-20;61,7;25,9;2,6;Nominal;D;0,41;0,61
2026-07-17 12:37;9,23378;-74,64378;VIIRS-NOAA-20;93,9;29,7;29,0;Alta;D;0,49;0,65
2026-07-17 12:37;9,3678;-74,02237;VIIRS-NOAA-20;57,9;32,4;2,0;Baja;D;0,44;0,62
2026-07-17 12:37;9,47977;-73,9545;VIIRS-NOAA-20;74,5;31,0;5,0;Nominal;D;0,43;0,62
2026-07-17 12:37;9,4769;-73,95372;VIIRS-NOAA-20;76,2;31,2;3,6;Nominal;D;0,43;0,62
2026-07-17 12:37;9,54063;-73,79987;VIIRS-NOAA-20;58,5;28,0;4,0;Nominal;D;0,42;0,61
2026-07-17 12:37;9,49067;-74,09825;VIIRS-NOAA-20;93,9;33,3;5,6;Alta;D;0,44;0,63
2026-07-17 12:37;9,55462;-73,75574;VIIRS-NOAA-20;57,8;27,8;2,6;Nominal;D;0,42;0,61
2026-07-17 12:37;9,49636;-74,09927;VIIRS-NOAA-20;75,7;32,8;5,6;Nominal;D;0,44;0,63
2026-07-17 12:37;9,3382;-74,97277;VIIRS-NOAA-20;62,6;27,0;6,4;Nominal;D;0,51;0,66
2026-07-17 12:37;9,64241;-73,37302;VIIRS-NOAA-20;61,9;30,6;1,7;Nominal;D;0,39;0,59
2026-07-17 12:37;4,09581;-70,53048;VIIRS-NOAA-20;65,3;19,0;14,6;Nominal;D;0,62;0,54
2026-07-17 12:37;4,09491;-70,53596;VIIRS-NOAA-20;63,6;19,6;16,7;Nominal;D;0,62;0,54
2026-07-17 12:37;4,68701;-68,78881;VIIRS-NOAA-20;63,3;21,1;4,5;Nominal;D;0,46;0,47
2026-07-17 12:37;4,59001;-69,91796;VIIRS-NOAA-20;68,3;19,7;11,3;Nominal;D;0,55;0,51
2026-07-17 12:37;4,95698;-68,18744;VIIRS-NOAA-20;54,8;8,2;3,5;Nominal;D;0,42;0,45
2026-07-17 12:37;4,95944;-68,18742;VIIRS-NOAA-20;62,5;13,4;5,8;Nominal;D;0,42;0,45
2026-07-17 12:37;4,90699;-69,09867;VIIRS-NOAA-20;55,3;21,6;4,8;Nominal;D;0,48;0,48
2026-07-17 12:37;4,91139;-69,0994;VIIRS-NOAA-20;61,4;21,6;4,8;Nominal;D;0,48;0,48
2026-07-17 12:37;4,90693;-69,09755;VIIRS-NOAA-20;55,4;21,6;5,5;Nominal;D;0,48;0,48
2026-07-17 12:37;4,91061;-69,10255;VIIRS-NOAA-20;60,1;21,9;5,5;Nominal;D;0,48;0,48
2026-07-17 12:37;5,05397;-68,89505;VIIRS-NOAA-20;60,1;15,6;2,2;Nominal;D;0,46;0,47
2026-07-17 12:37;5,17121;-69,70636;VIIRS-NOAA-20;93,9;18,2;16,6;Alta;D;0,52;0,5
2026-07-17 12:37;4,99412;-70,87961;VIIRS-NOAA-20;56,3;18,6;7,6;Nominal;D;0,64;0,54
2026-07-17 12:37;5,24134;-70,07603;VIIRS-NOAA-20;61,4;19,7;4,7;Nominal;D;0,55;0,51
2026-07-17 12:37;5,72534;-67,81557;VIIRS-NOAA-20;67,2;22,9;6,9;Nominal;D;0,39;0,44
2026-07-17 12:37;5,62594;-69,60448;VIIRS-NOAA-20;70,4;21,8;9,5;Nominal;D;0,51;0,49
2026-07-17 12:37;5,61975;-72,46866;VIIRS-NOAA-20;61,7;16,3;3,4;Nominal;D;0,4;0,6
2026-07-17 12:37;6,86;-74,11457;VIIRS-NOAA-20;93,9;17,8;28,7;Alta;D;0,49;0,65
2026-07-17 12:37;6,52438;-75,99395;VIIRS-NOAA-20;63,6;12,0;6,0;Nominal;D;0,68;0,74
2026-07-17 12:37;6,93238;-74,26018;VIIRS-NOAA-20;93,9;21,1;7,9;Alta;D;0,5;0,66
2026-07-17 12:37;6,79257;-74,9909;VIIRS-NOAA-20;60,8;21,3;5,2;Nominal;D;0,57;0,69
2026-07-17 12:37;6,93512;-74,25804;VIIRS-NOAA-20;62,0;20,4;5,1;Nominal;D;0,5;0,66
2026-07-17 12:37;6,9343;-74,26248;VIIRS-NOAA-20;67,1;20,7;5,1;Nominal;D;0,5;0,66
2026-07-17 12:37;6,79808;-75,38747;VIIRS-NOAA-20;63,9;15,8;6,9;Nominal;D;0,61;0,71
2026-07-17 12:37;7,012;-74,5582;VIIRS-NOAA-20;81,7;26,0;36,9;Nominal;D;0,53;0,67
2026-07-17 12:37;7,01242;-74,55623;VIIRS-NOAA-20;93,9;22,7;21,7;Alta;D;0,53;0,67
2026-07-17 12:37;7,01156;-74,5609;VIIRS-NOAA-20;77,1;24,5;21,7;Nominal;D;0,53;0,67
2026-07-17 12:37;6,96739;-74,83506;VIIRS-NOAA-20;59,6;22,0;4,9;Nominal;D;0,55;0,68
2026-07-17 12:37;7,34823;-73,40479;VIIRS-NOAA-20;73,6;20,4;6,5;Nominal;D;0,43;0,62
2026-07-17 12:37;6,91059;-75,93964;VIIRS-NOAA-20;93,9;22,6;46,1;Alta;D;0,66;0,73
2026-07-17 12:37;7,09904;-75,35357;VIIRS-NOAA-20;63,8;22,1;5,9;Nominal;D;0,6;0,7
2026-07-17 12:37;7,10553;-75,35421;VIIRS-NOAA-20;76,1;22,1;9,5;Nominal;D;0,6;0,7
2026-07-17 12:37;7,59887;-73,93553;VIIRS-NOAA-20;59,1;23,1;4,9;Nominal;D;0,47;0,64
2026-07-17 12:37;8,03184;-72,48183;VIIRS-NOAA-20;79,6;20,5;12,0;Nominal;D;0,36;0,58
2026-07-17 12:37;7,63262;-74,72311;VIIRS-NOAA-20;93,9;21,1;44,3;Alta;D;0,53;0,67
2026-07-17 12:37;7,63175;-74,72775;VIIRS-NOAA-20;60,7;24,1;44,3;Nominal;D;0,53;0,67
2026-07-17 12:37;8,14774;-72,5294;VIIRS-NOAA-20;58,3;22,3;2,4;Nominal;D;0,36;0,58
2026-07-17 12:37;7,76983;-74,63155;VIIRS-NOAA-20;59,1;17,4;5,4;Nominal;D;0,52;0,67
2026-07-17 12:37;7,76862;-74,63808;VIIRS-NOAA-20;61,0;17,3;5,4;Nominal;D;0,52;0,67
2026-07-17 12:37;8,05782;-73,37511;VIIRS-NOAA-20;58,7;22,6;2,7;Nominal;D;0,42;0,61
2026-07-17 12:37;8,25329;-72,94275;VIIRS-NOAA-20;78,8;22,4;8,0;Nominal;D;0,39;0,59
2026-07-17 12:37;8,30751;-72,66581;VIIRS-NOAA-20;93,9;24,3;8,4;Alta;D;0,37;0,58
2026-07-17 12:37;8,2596;-72,93848;VIIRS-NOAA-20;93,9;23,6;13,6;Alta;D;0,39;0,59
2026-07-17 12:37;8,25039;-72,94157;VIIRS-NOAA-20;67,0;21,3;6,2;Nominal;D;0,39;0,59
2026-07-17 12:37;8,30654;-72,6657;VIIRS-NOAA-20;93,9;23,9;7,6;Alta;D;0,37;0,58
2026-07-17 12:37;8,26202;-72,93885;VIIRS-NOAA-20;83,0;21,9;7,2;Nominal;D;0,39;0,59
2026-07-17 12:37;8,26147;-72,94186;VIIRS-NOAA-20;70,9;23,6;7,2;Nominal;D;0,39;0,59
2026-07-17 12:37;8,43687;-72,93668;VIIRS-NOAA-20;93,9;21,3;7,5;Alta;D;0,39;0,59
2026-07-17 12:37;8,48775;-72,71311;VIIRS-NOAA-20;71,1;22,0;4,7;Nominal;D;0,37;0,58
2026-07-17 12:37;8,29554;-73,95085;VIIRS-NOAA-20;60,4;27,5;3,3;Nominal;D;0,45;0,63
2026-07-17 12:37;8,54865;-72,64304;VIIRS-NOAA-20;67,5;23,2;6,3;Nominal;D;0,37;0,58
2026-07-17 12:37;8,48868;-73,37638;VIIRS-NOAA-20;70,1;22,1;13,4;Nominal;D;0,41;0,61
2026-07-17 12:37;8,48808;-73,37974;VIIRS-NOAA-20;79,6;30,9;13,4;Nominal;D;0,41;0,61
2026-07-17 12:37;8,50307;-73,39159;VIIRS-NOAA-20;63,2;21,9;2,6;Nominal;D;0,41;0,61
2026-07-17 12:37;8,60702;-72,83559;VIIRS-NOAA-20;78,0;22,0;14,3;Nominal;D;0,38;0,58
2026-07-17 12:37;8,60645;-72,83882;VIIRS-NOAA-20;77,0;25,3;17,6;Nominal;D;0,38;0,58
2026-07-17 12:37;8,48808;-73,37653;VIIRS-NOAA-20;62,9;22,0;14,3;Nominal;D;0,41;0,61
2026-07-17 12:37;8,48744;-73,37994;VIIRS-NOAA-20;78,8;31,7;14,3;Nominal;D;0,41;0,61
2026-07-17 12:37;8,60498;-72,83583;VIIRS-NOAA-20;93,9;22,4;16,0;Alta;D;0,38;0,58
2026-07-17 12:37;8,60439;-72,83907;VIIRS-NOAA-20;77,9;24,8;16,4;Nominal;D;0,38;0,58
2026-07-17 12:37;8,50238;-73,39169;VIIRS-NOAA-20;58,9;20,9;3,4;Nominal;D;0,41;0,61
2026-07-17 12:37;8,40275;-74,08643;VIIRS-NOAA-20;93,9;28,0;20,2;Alta;D;0,46;0,64
2026-07-17 12:37;8,40207;-74,09011;VIIRS-NOAA-20;78,4;29,0;20,2;Nominal;D;0,46;0,64
2026-07-17 12:37;8,44664;-73,88132;VIIRS-NOAA-20;93,9;24,8;7,8;Alta;D;0,45;0,63
2026-07-17 12:37;8,4459;-73,88533;VIIRS-NOAA-20;57,7;24,6;7,8;Nominal;D;0,45;0,63
2026-07-17 12:37;8,50117;-74,20238;VIIRS-NOAA-20;93,9;27,0;11,2;Alta;D;0,47;0,64
2026-07-17 12:37;8,50046;-74,20625;VIIRS-NOAA-20;75,7;27,9;11,2;Nominal;D;0,47;0,64
2026-07-17 12:37;8,78181;-72,78983;VIIRS-NOAA-20;93,9;24,2;62,0;Alta;D;0,37;0,58
2026-07-17 12:37;8,78123;-72,79309;VIIRS-NOAA-20;-65,2;32,5;63,3;Baja;D;0,37;0,58
2026-07-17 12:37;8,7871;-72,79076;VIIRS-NOAA-20;78,2;21,4;62,0;Nominal;D;0,37;0,58
2026-07-17 12:37;8,78652;-72,79404;VIIRS-NOAA-20;69,9;21,7;63,3;Nominal;D;0,37;0,58
2026-07-17 12:37;8,61148;-74,12312;VIIRS-NOAA-20;59,1;28,1;5,2;Nominal;D;0,46;0,64
2026-07-17 12:37;8,79282;-73,32598;VIIRS-NOAA-20;70,5;18,7;8,4;Nominal;D;0,4;0,6
2026-07-17 12:37;8,63996;-74,16325;VIIRS-NOAA-20;58,5;26,2;3,2;Nominal;D;0,46;0,64
2026-07-17 12:37;8,63556;-74,1872;VIIRS-NOAA-20;57,8;24,0;3,4;Nominal;D;0,47;0,64
2026-07-17 12:37;8,73923;-73,87809;VIIRS-NOAA-20;56,9;30,0;1,8;Nominal;D;0,44;0,62
2026-07-17 12:37;8,87737;-73,39306;VIIRS-NOAA-20;81,8;21,8;8,0;Nominal;D;0,41;0,6
2026-07-17 12:37;8,72382;-74,32647;VIIRS-NOAA-20;62,0;26,3;3,6;Nominal;D;0,47;0,64
2026-07-17 12:37;8,82757;-73,85662;VIIRS-NOAA-20;93,9;32,7;11,9;Alta;D;0,44;0,62
2026-07-17 12:37;8,82685;-73,86055;VIIRS-NOAA-20;73,9;31,7;8,8;Nominal;D;0,44;0,62
2026-07-17 12:37;8,8289;-73,94651;VIIRS-NOAA-20;69,4;30,0;3,8;Nominal;D;0,44;0,63
2026-07-17 12:37;8,83528;-73,94374;VIIRS-NOAA-20;57,9;31,9;3,4;Baja;D;0,44;0,63
2026-07-17 12:37;8,83457;-73,94772;VIIRS-NOAA-20;61,4;31,6;3,4;Baja;D;0,44;0,63
2026-07-17 12:37;8,83384;-73,95173;VIIRS-NOAA-20;58,4;31,6;3,3;Baja;D;0,44;0,63
2026-07-17 12:37;8,82982;-73,85681;VIIRS-NOAA-20;71,8;31,6;9,5;Nominal;D;0,44;0,62
2026-07-17 12:37;8,82907;-73,86073;VIIRS-NOAA-20;82,7;32,0;10,1;Nominal;D;0,44;0,62
2026-07-17 12:37;8,83054;-73,94644;VIIRS-NOAA-20;66,8;29,8;6,3;Nominal;D;0,44;0,63
2026-07-17 12:37;8,82978;-73,95052;VIIRS-NOAA-20;61,4;31,1;5,2;Nominal;D;0,44;0,63
2026-07-17 12:37;8,83621;-73,94765;VIIRS-NOAA-20;58,9;31,7;3,7;Baja;D;0,44;0,63
2026-07-17 12:37;8,79349;-74,23859;VIIRS-NOAA-20;60,2;26,9;3,0;Nominal;D;0,47;0,64
2026-07-17 12:37;8,87187;-73,94587;VIIRS-NOAA-20;82,7;29,9;15,7;Nominal;D;0,44;0,63
2026-07-17 12:37;8,87112;-73,94988;VIIRS-NOAA-20;78,6;34,4;19,7;Nominal;D;0,44;0,63
2026-07-17 12:37;8,89706;-74,16379;VIIRS-NOAA-20;59,9;29,2;3,2;Nominal;D;0,46;0,63
2026-07-17 12:37;8,89791;-74,16216;VIIRS-NOAA-20;61,6;28,9;3,2;Nominal;D;0,46;0,63
2026-07-17 12:37;8,94555;-74,00357;VIIRS-NOAA-20;59,5;29,8;5,0;Nominal;D;0,45;0,63
2026-07-17 12:37;8,9448;-74,00758;VIIRS-NOAA-20;78,1;32,2;5,0;Nominal;D;0,45;0,63
2026-07-17 12:37;8,98211;-73,83932;VIIRS-NOAA-20;69,9;28,7;6,2;Nominal;D;0,43;0,62
2026-07-17 12:37;8,98437;-73,95324;VIIRS-NOAA-20;73,2;28,8;16,4;Nominal;D;0,44;0,62
2026-07-17 12:37;8,98364;-73,9572;VIIRS-NOAA-20;75,0;33,1;16,4;Nominal;D;0,44;0,62
2026-07-17 12:37;8,91702;-74,31596;VIIRS-NOAA-20;62,0;27,2;4,5;Nominal;D;0,47;0,64
2026-07-17 12:37;8,92703;-74,39212;VIIRS-NOAA-20;59,6;28,1;3,4;Nominal;D;0,47;0,64
2026-07-17 12:37;8,93366;-74,38899;VIIRS-NOAA-20;69,5;27,8;6,2;Nominal;D;0,47;0,64
2026-07-17 12:37;6,5283;-75,99487;VIIRS-NOAA-20;63,5;13,4;8,3;Nominal;D;0,68;0,74
2026-07-17 12:37;9,10968;-73,48978;VIIRS-NOAA-20;82,0;31,0;7,8;Nominal;D;0,41;0,61
2026-07-17 12:39;9,74397;-73,59364;VIIRS-NOAA-20;60,6;27,3;2,2;Nominal;D;0,4;0,6
2026-07-17 12:39;9,74407;-73,59408;VIIRS-NOAA-20;61,5;27,4;4,6;Nominal;D;0,4;0,6
2026-07-17 12:39;9,5065;-75,15425;VIIRS-NOAA-20;63,0;27,0;2,2;Nominal;D;0,52;0,67
2026-07-17 12:39;9,83655;-73,49224;VIIRS-NOAA-20;93,9;28,9;13,3;Alta;D;0,4;0,6
2026-07-17 12:39;9,83721;-73,48868;VIIRS-NOAA-20;66,6;27,4;7,9;Nominal;D;0,4;0,6
2026-07-17 12:39;9,60277;-74,74521;VIIRS-NOAA-20;61,2;27,5;8,2;Nominal;D;0,49;0,65
2026-07-17 12:39;9,61277;-74,72459;VIIRS-NOAA-20;59,4;27,3;2,7;Nominal;D;0,49;0,65
2026-07-17 12:39;9,6095;-74,74198;VIIRS-NOAA-20;61,4;27,4;3,4;Nominal;D;0,49;0,65
2026-07-17 12:39;9,55677;-75,02153;VIIRS-NOAA-20;81,6;30,6;25,0;Nominal;D;0,51;0,66
2026-07-17 12:39;9,65167;-74,73413;VIIRS-NOAA-20;67,3;27,0;3,8;Nominal;D;0,49;0,65
2026-07-17 12:39;9,71552;-74,52775;VIIRS-NOAA-20;57,5;31,5;2,8;Baja;D;0,47;0,64
2026-07-17 12:39;9,75821;-74,33458;VIIRS-NOAA-20;69,6;32,3;4,6;Nominal;D;0,45;0,63
2026-07-17 12:39;10,01842;-73,33343;VIIRS-NOAA-20;63,4;32,8;2,7;Nominal;D;0,38;0,59
2026-07-17 12:39;9,92824;-73,89207;VIIRS-NOAA-20;60,8;30,3;1,2;Nominal;D;0,42;0,61
2026-07-17 12:39;9,93219;-73,89279;VIIRS-NOAA-20;69,6;31,7;4,6;Nominal;D;0,42;0,61
2026-07-17 12:39;9,73349;-75,12607;VIIRS-NOAA-20;65,4;27,2;3,5;Nominal;D;0,51;0,66
2026-07-17 12:39;9,82976;-74,71655;VIIRS-NOAA-20;62,5;29,7;2,2;Nominal;D;0,48;0,65
2026-07-17 12:39;9,81363;-75,03173;VIIRS-NOAA-20;62,9;25,8;4,1;Nominal;D;0,51;0,66
2026-07-17 12:39;9,8671;-74,77761;VIIRS-NOAA-20;64,3;28,7;3,0;Nominal;D;0,49;0,65
2026-07-17 12:39;9,80942;-75,0333;VIIRS-NOAA-20;70,8;26,3;5,5;Nominal;D;0,51;0,66
2026-07-17 12:39;9,86567;-74,77478;VIIRS-NOAA-20;58,9;28,9;3,7;Baja;D;0,48;0,65
2026-07-17 12:39;9,8648;-74,77927;VIIRS-NOAA-20;62,8;30,3;3,5;Nominal;D;0,48;0,65
2026-07-17 12:39;9,83167;-75,30853;VIIRS-NOAA-20;93,9;26,9;11,0;Alta;D;0,53;0,67
2026-07-17 12:39;9,88958;-75,06908;VIIRS-NOAA-20;62,1;27,3;3,1;Nominal;D;0,51;0,66
2026-07-17 12:39;10,10207;-74,41578;VIIRS-NOAA-20;62,2;27,7;3,7;Nominal;D;0,45;0,63
2026-07-17 12:39;9,98703;-75,05668;VIIRS-NOAA-20;64,3;27,3;2,8;Nominal;D;0,5;0,66
2026-07-17 12:39;9,98521;-75,06625;VIIRS-NOAA-20;57,4;26,5;3,8;Nominal;D;0,5;0,66
2026-07-17 12:39;10,08446;-74,73438;VIIRS-NOAA-20;81,5;27,6;6,6;Nominal;D;0,48;0,64
2026-07-17 12:39;10,08364;-74,73215;VIIRS-NOAA-20;64,7;27,3;3,5;Nominal;D;0,48;0,64
2026-07-17 12:39;10,08282;-74,73639;VIIRS-NOAA-20;60,1;26,9;3,5;Nominal;D;0,48;0,64
2026-07-17 12:39;10,06201;-75,00243;VIIRS-NOAA-20;70,6;27,8;5,5;Nominal;D;0,5;0,66
2026-07-17 12:39;10,22108;-74,35754;VIIRS-NOAA-20;68,3;27,9;27,0;Nominal;D;0,45;0,63
2026-07-17 12:39;10,22032;-74,3616;VIIRS-NOAA-20;71,2;32,1;44,1;Nominal;D;0,45;0,63
2026-07-17 12:39;10,30889;-74,24565;VIIRS-NOAA-20;73,5;24,6;5,3;Nominal;D;0,44;0,62
2026-07-17 12:39;10,30815;-74,24951;VIIRS-NOAA-20;64,7;25,4;5,3;Nominal;D;0,44;0,62
2026-07-17 12:39;10,28063;-74,48685;VIIRS-NOAA-20;68,8;25,0;4,5;Nominal;D;0,46;0,63
2026-07-17 12:39;10,27985;-74,49096;VIIRS-NOAA-20;64,2;26,0;5,5;Nominal;D;0,46;0,63
2026-07-17 12:39;10,25815;-74,66791;VIIRS-NOAA-20;62,8;28,8;3,4;Nominal;D;0,47;0,64
2026-07-17 12:39;10,20735;-74,96644;VIIRS-NOAA-20;93,9;27,6;17,5;Alta;D;0,49;0,65
2026-07-17 12:39;10,78703;-72,80078;VIIRS-NOAA-20;70,4;29,0;4,3;Nominal;D;0,34;0,56
2026-07-17 12:39;10,37354;-75,32179;VIIRS-NOAA-20;66,7;26,8;9,1;Nominal;D;0,52;0,67
2026-07-17 12:39;10,37266;-75,32635;VIIRS-NOAA-20;75,2;27,9;9,6;Nominal;D;0,52;0,67
2026-07-17 12:39;10,4494;-75,39045;VIIRS-NOAA-20;70,7;28,2;6,4;Nominal;D;0,52;0,67
2026-07-17 12:39;10,9029;-73,51184;VIIRS-NOAA-20;93,9;21,8;7,3;Alta;D;0,38;0,59
2026-07-17 12:39;10,90246;-73,51418;VIIRS-NOAA-20;64,1;11,5;7,3;Nominal;D;0,38;0,59
2026-07-17 12:39;10,90804;-73,51385;VIIRS-NOAA-20;79,3;26,1;7,8;Nominal;D;0,38;0,59
2026-07-17 12:39;11,13471;-72,57053;VIIRS-NOAA-20;58,6;29,4;5,2;Baja;D;0,33;0,55
2026-07-17 12:39;11,14709;-72,5304;VIIRS-NOAA-20;59,1;28,2;4,5;Nominal;D;0,32;0,55
2026-07-17 12:39;11,1345;-72,57153;VIIRS-NOAA-20;59,5;29,4;3,0;Nominal;D;0,32;0,55
2026-07-17 12:39;11,14717;-72,5315;VIIRS-NOAA-20;59,5;27,9;3,0;Nominal;D;0,32;0,55
2026-07-17 13:21;2,32609;-77,2085;VIIRS-NOAA-21;58,3;15,6;3,1;Nominal;D;0,44;0,38
2026-07-17 13:21;2,11901;-77,07078;VIIRS-NOAA-21;63,1;32,5;6,0;Nominal;D;0,43;0,38
2026-07-17 13:21;2,12405;-76,80776;VIIRS-NOAA-21;67,9;26,8;8,5;Nominal;D;0,42;0,38
2026-07-17 13:21;1,93205;-77,04604;VIIRS-NOAA-21;63,5;36,9;4,8;Baja;D;0,43;0,38
2026-07-17 13:21;1,93266;-77,04212;VIIRS-NOAA-21;62,6;36,9;4,8;Baja;D;0,43;0,38
2026-07-17 13:21;1,93385;-77,04628;VIIRS-NOAA-21;62,5;36,2;4,9;Baja;D;0,43;0,38
2026-07-17 13:21;1,93444;-77,04238;VIIRS-NOAA-21;64,0;38,3;4,9;Nominal;D;0,43;0,38
2026-07-17 13:21;1,88583;-77,17381;VIIRS-NOAA-21;64,2;26,5;6,7;Nominal;D;0,44;0,38
2026-07-17 13:21;1,88645;-77,16982;VIIRS-NOAA-21;81,3;28,1;6,7;Nominal;D;0,44;0,38
2026-07-17 13:21;1,88705;-77,16588;VIIRS-NOAA-21;57,1;25,3;3,8;Nominal;D;0,44;0,38
2026-07-17 13:21;1,88292;-77,16944;VIIRS-NOAA-21;62,3;24,0;6,7;Nominal;D;0,44;0,38
2026-07-17 13:21;1,8776;-77,04118;VIIRS-NOAA-21;64,5;35,4;4,0;Nominal;D;0,43;0,38
2026-07-17 13:21;1,73034;-77,17406;VIIRS-NOAA-21;73,0;31,3;12,1;Nominal;D;0,44;0,38
2026-07-17 13:21;1,7199;-77,17198;VIIRS-NOAA-21;69,5;36,8;3,9;Nominal;D;0,44;0,38
2026-07-17 13:21;1,71642;-77,17131;VIIRS-NOAA-21;53,7;28,4;3,9;Baja;D;0,44;0,38
2026-07-17 13:21;1,47283;-77,29214;VIIRS-NOAA-21;56,9;28,6;1,8;Baja;D;0,45;0,39
2026-07-17 13:21;1,46932;-77,29148;VIIRS-NOAA-21;72,6;33,6;12,7;Nominal;D;0,45;0,39
2026-07-17 13:21;1,46508;-77,29539;VIIRS-NOAA-21;68,8;33,0;12,7;Nominal;D;0,45;0,39
2026-07-17 13:21;1,46156;-77,29475;VIIRS-NOAA-21;64,1;30,0;9,7;Nominal;D;0,45;0,39
2026-07-17 13:21;1,46235;-77,28988;VIIRS-NOAA-21;62,2;33,1;9,7;Baja;D;0,45;0,39
2026-07-17 13:21;1,45883;-77,28924;VIIRS-NOAA-21;70,3;37,3;9,7;Nominal;D;0,45;0,39
2026-07-17 13:21;1,46211;-77,29104;VIIRS-NOAA-21;72,5;34,0;14,0;Nominal;D;0,45;0,39
2026-07-17 13:21;1,45859;-77,29037;VIIRS-NOAA-21;76,5;37,5;14,0;Nominal;D;0,45;0,39
2026-07-17 13:21;1,45507;-77,28975;VIIRS-NOAA-21;63,0;29,8;3,2;Nominal;D;0,45;0,39
2026-07-17 13:24;9,36135;-73,54919;VIIRS-NOAA-21;66,4;39,9;8,9;Baja;D;0,44;0,38
2026-07-17 13:24;9,36077;-73,55318;VIIRS-NOAA-21;72,9;42,4;8,9;Nominal;D;0,44;0,38
2026-07-17 13:24;9,34928;-73,63268;VIIRS-NOAA-21;75,4;44,8;14,7;Nominal;D;0,44;0,38
2026-07-17 13:24;9,36429;-73,5537;VIIRS-NOAA-21;79,5;42,0;8,9;Nominal;D;0,44;0,38
2026-07-17 13:24;9,34434;-73,74066;VIIRS-NOAA-21;68,9;41,8;22,3;Baja;D;0,43;0,38
2026-07-17 13:24;9,12461;-75,23053;VIIRS-NOAA-21;67,1;34,8;4,0;Nominal;D;0,39;0,36
2026-07-17 13:24;9,38065;-73,51529;VIIRS-NOAA-21;67,6;38,0;4,7;Baja;D;0,44;0,39
2026-07-17 13:24;9,34783;-73,74117;VIIRS-NOAA-21;70,3;45,1;30,9;Baja;D;0,43;0,38
2026-07-17 13:24;9,38476;-73,51181;VIIRS-NOAA-21;64,4;39,1;4,7;Baja;D;0,44;0,39
2026-07-17 13:24;9,38829;-73,51233;VIIRS-NOAA-21;70,5;39,0;8,3;Nominal;D;0,44;0,39
2026-07-17 13:24;9,36122;-73,74716;VIIRS-NOAA-21;66,8;40,5;5,3;Baja;D;0,43;0,38
2026-07-17 13:24;9,36007;-73,755;VIIRS-NOAA-21;74,5;40,3;11,5;Nominal;D;0,43;0,38
2026-07-17 13:24;9,36356;-73,75552;VIIRS-NOAA-21;65,4;38,6;11,5;Baja;D;0,43;0,38
2026-07-17 13:24;9,36299;-73,75943;VIIRS-NOAA-21;69,8;40,9;22,7;Nominal;D;0,43;0,38
2026-07-17 13:24;9,35788;-73,81854;VIIRS-NOAA-21;68,1;34,9;3,6;Nominal;D;0,43;0,38
2026-07-17 13:24;9,40479;-73,5719;VIIRS-NOAA-21;76,1;39,7;9,1;Nominal;D;0,44;0,38
2026-07-17 13:24;9,37407;-73,78106;VIIRS-NOAA-21;64,5;38,6;29,5;Baja;D;0,43;0,38
2026-07-17 13:24;9,36093;-73,89437;VIIRS-NOAA-21;75,6;40,4;11,6;Nominal;D;0,43;0,38
2026-07-17 13:24;9,40327;-73,71288;VIIRS-NOAA-21;72,5;37,3;9,8;Nominal;D;0,44;0,38
2026-07-17 13:24;9,37306;-74,02185;VIIRS-NOAA-21;66,2;40,9;6,7;Baja;D;0,42;0,38
2026-07-17 13:24;9,50836;-73,28129;VIIRS-NOAA-21;72,9;37,9;12,6;Nominal;D;0,46;0,39
2026-07-17 13:24;9,26077;-75,09201;VIIRS-NOAA-21;66,1;36,9;2,7;Nominal;D;0,39;0,36
2026-07-17 13:24;9,26024;-75,09556;VIIRS-NOAA-21;74,3;36,3;5,6;Nominal;D;0,39;0,36
2026-07-17 13:24;9,61629;-73,10597;VIIRS-NOAA-21;60,6;29,0;4,3;Nominal;D;0,47;0,39
2026-07-17 13:24;9,49521;-74,09879;VIIRS-NOAA-21;72,5;46,3;13,8;Baja;D;0,42;0,38
2026-07-17 13:24;9,54191;-73,8016;VIIRS-NOAA-21;79,0;41,1;16,9;Nominal;D;0,43;0,38
2026-07-17 13:24;9,55516;-73,75946;VIIRS-NOAA-21;68,5;35,8;5,6;Nominal;D;0,43;0,38
2026-07-17 13:24;9,29536;-75,6101;VIIRS-NOAA-21;69,1;31,4;9,6;Nominal;D;0,39;0,36
2026-07-17 13:24;9,29867;-75,6106;VIIRS-NOAA-21;73,1;31,0;9,6;Nominal;D;0,39;0,36
2026-07-17 13:24;9,6636;-73,16043;VIIRS-NOAA-21;63,9;32,0;5,5;Nominal;D;0,46;0,39
2026-07-17 13:24;4,99884;-70,88696;VIIRS-NOAA-21;74,3;26,0;11,8;Nominal;D;0,54;0,42
2026-07-17 13:24;5,39308;-75,0933;VIIRS-NOAA-21;58,0;14,7;4,7;Nominal;D;0,38;0,36
2026-07-17 13:24;5,41795;-74,69966;VIIRS-NOAA-21;63,6;14,2;3,6;Nominal;D;0,39;0,36
2026-07-17 13:24;5,74174;-69,96013;VIIRS-NOAA-21;66,2;22,5;8,3;Nominal;D;0,42;0,45
2026-07-17 13:24;5,74228;-69,95634;VIIRS-NOAA-21;68,9;23,4;8,3;Nominal;D;0,42;0,45
2026-07-17 13:24;5,73813;-69,95575;VIIRS-NOAA-21;71,1;22,3;5,2;Nominal;D;0,42;0,45
2026-07-17 13:24;5,5981;-70,09116;VIIRS-NOAA-21;56,9;22,6;2,6;Nominal;D;0,41;0,45
2026-07-17 13:24;5,44623;-70,37124;VIIRS-NOAA-21;61,0;23,3;7,1;Nominal;D;0,39;0,44
2026-07-17 13:24;5,40328;-69,17361;VIIRS-NOAA-21;74,0;22,7;17,8;Nominal;D;0,47;0,48
2026-07-17 13:24;5,33716;-69,55136;VIIRS-NOAA-21;77,0;22,8;25,0;Nominal;D;0,44;0,46
2026-07-17 13:24;5,33717;-69,55157;VIIRS-NOAA-21;70,2;22,7;19,1;Nominal;D;0,44;0,46
2026-07-17 13:24;5,20194;-69,58935;VIIRS-NOAA-21;71,5;23,7;11,9;Nominal;D;0,44;0,46
2026-07-17 13:24;5,19772;-69,58871;VIIRS-NOAA-21;81,9;23,4;11,9;Nominal;D;0,44;0,46
2026-07-17 13:24;5,19236;-69,59591;VIIRS-NOAA-21;60,3;21,7;4,4;Nominal;D;0,44;0,46
2026-07-17 13:24;5,1935;-69,58808;VIIRS-NOAA-21;65,3;21,5;9,4;Nominal;D;0,44;0,46
2026-07-17 13:24;5,19293;-69,592;VIIRS-NOAA-21;93,9;24,3;9,4;Alta;D;0,44;0,46
2026-07-17 13:24;9,10568;-73,4927;VIIRS-NOAA-21;66,1;38,0;5,1;Baja;D;0,44;0,39
2026-07-17 13:24;6,23176;-70,16757;VIIRS-NOAA-21;66,6;23,0;3,9;Nominal;D;0,41;0,45
2026-07-17 13:24;5,59849;-74,58524;VIIRS-NOAA-21;57,6;22,5;8,8;Nominal;D;0,39;0,36
2026-07-17 13:24;5,59797;-74,58872;VIIRS-NOAA-21;73,6;23,7;8,8;Nominal;D;0,39;0,36
2026-07-17 13:24;5,82699;-74,17444;VIIRS-NOAA-21;58,2;14,4;3,0;Nominal;D;0,4;0,37
2026-07-17 13:24;5,7649;-74,58615;VIIRS-NOAA-21;60,4;22,6;3,9;Nominal;D;0,39;0,36
2026-07-17 13:24;5,76822;-74,58665;VIIRS-NOAA-21;63,9;22,9;3,9;Nominal;D;0,39;0,36
2026-07-17 13:24;5,76769;-74,59015;VIIRS-NOAA-21;60,4;21,5;3,9;Nominal;D;0,39;0,36
2026-07-17 13:24;5,6794;-75,1729;VIIRS-NOAA-21;58,4;14,2;13,2;Nominal;D;0,38;0,36
2026-07-17 13:24;5,67888;-75,17635;VIIRS-NOAA-21;60,2;14,9;13,2;Nominal;D;0,38;0,36
2026-07-17 13:24;5,76431;-74,65744;VIIRS-NOAA-21;61,6;19,1;7,4;Nominal;D;0,39;0,36
2026-07-17 13:24;5,86025;-74,62969;VIIRS-NOAA-21;63,5;20,4;7,3;Nominal;D;0,39;0,36
2026-07-17 13:24;5,7888;-75,10201;VIIRS-NOAA-21;57,0;11,4;1,7;Nominal;D;0,38;0,36
2026-07-17 13:24;5,86357;-74,63019;VIIRS-NOAA-21;77,1;23,5;7,3;Nominal;D;0,39;0,36
2026-07-17 13:24;6,06052;-73,90712;VIIRS-NOAA-21;59,0;19,7;7,6;Nominal;D;0,4;0,37
2026-07-17 13:24;5,83437;-75,40823;VIIRS-NOAA-21;67,3;25,6;11,5;Nominal;D;0,38;0,36
2026-07-17 13:24;6,06214;-74,34804;VIIRS-NOAA-21;58,9;21,2;3,4;Nominal;D;0,39;0,37
2026-07-17 13:24;6,01871;-74,88657;VIIRS-NOAA-21;58,3;22,2;4,8;Nominal;D;0,39;0,36
2026-07-17 13:24;6,38651;-72,68494;VIIRS-NOAA-21;71,1;30,9;5,9;Nominal;D;0,45;0,39
2026-07-17 13:24;5,93444;-76,00206;VIIRS-NOAA-21;59,5;22,1;5,5;Nominal;D;0,39;0,36
2026-07-17 13:24;6,39101;-73,26487;VIIRS-NOAA-21;58,8;27,3;3,3;Nominal;D;0,43;0,38
2026-07-17 13:24;6,27491;-74,33324;VIIRS-NOAA-21;74,0;30,4;13,7;Nominal;D;0,4;0,37
2026-07-17 13:24;6,21598;-74,79624;VIIRS-NOAA-21;60,7;26,9;6,6;Nominal;D;0,39;0,36
2026-07-17 13:24;6,18059;-75,12137;VIIRS-NOAA-21;57,0;21,7;7,3;Nominal;D;0,39;0,36
2026-07-17 13:24;6,22985;-74,95133;VIIRS-NOAA-21;71,3;30,2;17,2;Nominal;D;0,39;0,36
2026-07-17 13:24;6,38676;-74,20415;VIIRS-NOAA-21;68,4;29,1;7,2;Nominal;D;0,4;0,37
2026-07-17 13:24;6,39011;-74,20465;VIIRS-NOAA-21;63,5;27,4;7,2;Nominal;D;0,4;0,37
2026-07-17 13:24;6,42243;-74,3488;VIIRS-NOAA-21;61,2;29,8;4,0;Nominal;D;0,4;0,37
2026-07-17 13:24;6,43514;-74,33251;VIIRS-NOAA-21;65,8;29,4;3,8;Nominal;D;0,4;0,37
2026-07-17 13:24;6,41627;-74,50375;VIIRS-NOAA-21;57,1;29,1;1,2;Baja;D;0,39;0,36
2026-07-17 13:24;6,53309;-73,76979;VIIRS-NOAA-21;57,7;25,6;3,7;Nominal;D;0,41;0,37
2026-07-17 13:24;6,35188;-75,17636;VIIRS-NOAA-21;63,3;36,2;27,5;Nominal;D;0,39;0,36
2026-07-17 13:24;6,49513;-74,42911;VIIRS-NOAA-21;69,8;31,8;5,7;Nominal;D;0,4;0,37
2026-07-17 13:24;6,65214;-73,72311;VIIRS-NOAA-21;59,9;25,8;3,2;Nominal;D;0,41;0,37
2026-07-17 13:24;6,55899;-74,50414;VIIRS-NOAA-21;59,6;32,1;5,1;Baja;D;0,39;0,36
2026-07-17 13:24;6,73249;-73,74996;VIIRS-NOAA-21;65,2;31,4;34,2;Nominal;D;0,41;0,37
2026-07-17 13:24;6,57556;-75,06952;VIIRS-NOAA-21;61,9;27,4;5,2;Nominal;D;0,39;0,36
2026-07-17 13:24;6,55479;-75,34635;VIIRS-NOAA-21;56,9;25,2;1,8;Nominal;D;0,38;0,36
2026-07-17 13:24;6,63903;-75,03371;VIIRS-NOAA-21;59,0;29,7;4,3;Nominal;D;0,39;0,36
2026-07-17 13:24;6,60883;-75,32304;VIIRS-NOAA-21;66,4;24,7;4,3;Nominal;D;0,38;0,36
2026-07-17 13:24;6,75515;-74,39623;VIIRS-NOAA-21;70,9;31,0;5,0;Nominal;D;0,4;0,37
2026-07-17 13:24;6,65049;-75,092;VIIRS-NOAA-21;71,6;31,7;7,3;Nominal;D;0,39;0,36
2026-07-17 13:24;6,67558;-74,99307;VIIRS-NOAA-21;61,5;26,8;6,3;Nominal;D;0,39;0,36
2026-07-17 13:24;6,90749;-73,53917;VIIRS-NOAA-21;58,5;26,6;3,0;Nominal;D;0,42;0,38
2026-07-17 13:24;6,71348;-74,89897;VIIRS-NOAA-21;60,5;31,2;3,8;Nominal;D;0,39;0,36
2026-07-17 13:24;6,5699;-75,845;VIIRS-NOAA-21;61,3;33,5;3,3;Nominal;D;0,38;0,36
2026-07-17 13:24;6,85777;-74,11417;VIIRS-NOAA-21;72,6;33,6;22,1;Nominal;D;0,4;0,37
2026-07-17 13:24;6,86115;-74,11466;VIIRS-NOAA-21;71,8;31,3;12,3;Nominal;D;0,4;0,37
2026-07-17 13:24;6,86061;-74,11829;VIIRS-NOAA-21;58,4;29,0;4,4;Baja;D;0,4;0,37
2026-07-17 13:24;6,84139;-74,40966;VIIRS-NOAA-21;62,3;33,2;3,0;Nominal;D;0,4;0,37
2026-07-17 13:24;6,79125;-74,85793;VIIRS-NOAA-21;61,3;29,1;6,4;Nominal;D;0,39;0,36
2026-07-17 13:24;6,93117;-74,06201;VIIRS-NOAA-21;60,6;29,3;3,3;Nominal;D;0,41;0,37
2026-07-17 13:24;6,79495;-74,99054;VIIRS-NOAA-21;58,7;30,7;6,5;Baja;D;0,39;0,36
2026-07-17 13:24;6,87738;-74,46634;VIIRS-NOAA-21;61,8;31,3;5,7;Nominal;D;0,4;0,37
2026-07-17 13:24;7,03036;-73,51526;VIIRS-NOAA-21;58,8;27,2;2,2;Nominal;D;0,42;0,38
2026-07-17 13:24;6,94217;-74,12686;VIIRS-NOAA-21;60,9;30,0;2,4;Nominal;D;0,4;0,37
2026-07-17 13:24;6,93417;-74,26225;VIIRS-NOAA-21;67,3;30,4;3,6;Nominal;D;0,4;0,37
2026-07-17 13:24;6,88244;-74,70287;VIIRS-NOAA-21;60,0;31,6;2,5;Nominal;D;0,39;0,36
2026-07-17 13:24;6,99201;-74,10437;VIIRS-NOAA-21;60,5;31,6;4,7;Nominal;D;0,4;0,37
2026-07-17 13:24;6,96835;-74,26366;VIIRS-NOAA-21;64,3;30,2;3,6;Nominal;D;0,4;0,37
2026-07-17 13:24;7,04042;-73,98833;VIIRS-NOAA-21;59,4;27,6;3,3;Nominal;D;0,41;0,37
2026-07-17 13:24;6,97473;-74,69937;VIIRS-NOAA-21;62,9;30,2;4,6;Nominal;D;0,39;0,36
2026-07-17 13:24;6,9184;-75,09918;VIIRS-NOAA-21;57,8;27,3;5,9;Nominal;D;0,39;0,36
2026-07-17 13:24;7,01299;-74,55675;VIIRS-NOAA-21;64,3;39,0;35,4;Baja;D;0,39;0,37
2026-07-17 13:24;6,9709;-74,83872;VIIRS-NOAA-21;61,6;32,9;4,3;Nominal;D;0,39;0,36
2026-07-17 13:24;7,08142;-74,11819;VIIRS-NOAA-21;73,8;34,1;9,0;Nominal;D;0,4;0,37
2026-07-17 13:24;7,01632;-74,55726;VIIRS-NOAA-21;60,4;32,2;35,4;Baja;D;0,39;0,37
2026-07-17 13:24;7,0158;-74,56081;VIIRS-NOAA-21;62,7;29,1;63,2;Nominal;D;0,39;0,37
2026-07-17 13:24;7,0848;-74,11869;VIIRS-NOAA-21;61,3;33,3;14,4;Baja;D;0,4;0,37
2026-07-17 13:24;6,96554;-75,0104;VIIRS-NOAA-21;57,0;27,4;2,5;Nominal;D;0,39;0,36
2026-07-17 13:24;7,08793;-74,35249;VIIRS-NOAA-21;62,4;32,5;5,2;Nominal;D;0,4;0,37
2026-07-17 13:24;7,09725;-74,6058;VIIRS-NOAA-21;60,1;34,0;4,9;Baja;D;0,39;0,37
2026-07-17 13:24;6,99992;-75,25719;VIIRS-NOAA-21;59,4;30,0;2,6;Baja;D;0,39;0,36
2026-07-17 13:24;7,10112;-74,60272;VIIRS-NOAA-21;61,7;33,1;6,5;Baja;D;0,39;0,37
2026-07-17 13:24;7,20393;-74,14103;VIIRS-NOAA-21;69,0;33,9;11,6;Nominal;D;0,41;0,37
2026-07-17 13:24;7,10258;-74,86648;VIIRS-NOAA-21;61,4;33,1;5,4;Nominal;D;0,39;0,36
2026-07-17 13:24;7,35143;-73,40487;VIIRS-NOAA-21;59,8;28,5;12,8;Nominal;D;0,43;0,38
2026-07-17 13:24;7,07462;-75,25414;VIIRS-NOAA-21;70,1;32,6;10,2;Nominal;D;0,39;0,36
2026-07-17 13:24;7,27782;-74,01694;VIIRS-NOAA-21;59,4;29,6;3,5;Nominal;D;0,41;0,37
2026-07-17 13:24;6,94684;-76,20514;VIIRS-NOAA-21;58,1;27,7;11,1;Nominal;D;0,39;0,36
2026-07-17 13:24;7,18123;-74,79542;VIIRS-NOAA-21;63,7;31,1;2,9;Nominal;D;0,39;0,36
2026-07-17 13:24;7,10976;-75,29534;VIIRS-NOAA-21;66,2;29,6;5,0;Nominal;D;0,39;0,36
2026-07-17 13:24;7,10142;-75,35098;VIIRS-NOAA-21;65,1;27,6;3,1;Nominal;D;0,39;0,36
2026-07-17 13:24;7,11078;-75,35592;VIIRS-NOAA-21;63,6;28,1;3,2;Nominal;D;0,39;0,36
2026-07-17 13:24;7,1527;-75,1672;VIIRS-NOAA-21;64,7;28,8;8,9;Nominal;D;0,39;0,36
2026-07-17 13:24;7,2647;-74,46428;VIIRS-NOAA-21;61,4;33,1;9,7;Baja;D;0,4;0,37
2026-07-17 13:24;7,27727;-74,4259;VIIRS-NOAA-21;65,0;30,5;4,7;Nominal;D;0,4;0,37
2026-07-17 13:24;7,28062;-74,42641;VIIRS-NOAA-21;59,5;28,4;4,7;Nominal;D;0,4;0,37
2026-07-17 13:24;7,24736;-74,67187;VIIRS-NOAA-21;61,5;30,9;3,1;Nominal;D;0,39;0,36
2026-07-17 13:24;7,28538;-74,55486;VIIRS-NOAA-21;63,0;31,0;5,4;Nominal;D;0,4;0,37
2026-07-17 13:24;7,26434;-74,80824;VIIRS-NOAA-21;66,6;32,6;4,9;Nominal;D;0,39;0,36
2026-07-17 13:24;7,27119;-74,83053;VIIRS-NOAA-21;58,8;30,8;2,5;Baja;D;0,39;0,36
2026-07-17 13:24;7,27451;-74,83103;VIIRS-NOAA-21;57,3;31,6;2,5;Baja;D;0,39;0,36
2026-07-17 13:24;7,32495;-74,72018;VIIRS-NOAA-21;61,6;31,4;4,2;Nominal;D;0,39;0,36
2026-07-17 13:24;7,21687;-75,72896;VIIRS-NOAA-21;59,3;29,4;10,9;Nominal;D;0,38;0,36
2026-07-17 13:24;7,22016;-75,72946;VIIRS-NOAA-21;59,5;34,2;10,9;Nominal;D;0,38;0,36
2026-07-17 13:24;7,21964;-75,73289;VIIRS-NOAA-21;29,8;33,4;16,5;Baja;D;0,38;0,36
2026-07-17 13:24;7,45007;-74,4491;VIIRS-NOAA-21;59,0;28,4;6,7;Nominal;D;0,4;0,37
2026-07-17 13:24;7,42037;-74,764;VIIRS-NOAA-21;58,9;30,6;3,1;Nominal;D;0,39;0,36
2026-07-17 13:24;7,60467;-73,75364;VIIRS-NOAA-21;57,7;30,4;2,5;Baja;D;0,42;0,38
2026-07-17 13:24;7,40073;-75,16664;VIIRS-NOAA-21;60,2;27,6;7,0;Nominal;D;0,39;0,36
2026-07-17 13:24;7,59857;-73,9365;VIIRS-NOAA-21;63,6;33,7;5,4;Baja;D;0,41;0,37
2026-07-17 13:24;7,51509;-74,65549;VIIRS-NOAA-21;59,1;28,9;5,2;Nominal;D;0,4;0,37
2026-07-17 13:24;7,5184;-74,78968;VIIRS-NOAA-21;69,4;32,1;12,9;Nominal;D;0,39;0,36
2026-07-17 13:24;7,53508;-74,72343;VIIRS-NOAA-21;62,5;30,3;2,2;Nominal;D;0,39;0,36
2026-07-17 13:24;7,59556;-74,63866;VIIRS-NOAA-21;63,1;29,9;4,7;Nominal;D;0,4;0,37
2026-07-17 13:24;7,59943;-74,63564;VIIRS-NOAA-21;58,4;28,1;9,8;Nominal;D;0,4;0,37
2026-07-17 13:24;7,95065;-72,48771;VIIRS-NOAA-21;58,4;29,4;2,8;Baja;D;0,48;0,4
2026-07-17 13:24;7,62963;-74,72733;VIIRS-NOAA-21;59,9;31,4;4,0;Baja;D;0,39;0,37
2026-07-17 13:24;7,63349;-74,72428;VIIRS-NOAA-21;61,7;31,5;15,1;Nominal;D;0,39;0,37
2026-07-17 13:24;7,63296;-74,72784;VIIRS-NOAA-21;64,3;36,0;29,8;Baja;D;0,39;0,37
2026-07-17 13:24;7,58931;-75,15656;VIIRS-NOAA-21;72,5;29,8;5,0;Nominal;D;0,39;0,36
2026-07-17 13:24;7,80302;-73,78667;VIIRS-NOAA-21;66,5;33,7;7,6;Nominal;D;0,42;0,38
2026-07-17 13:24;8,02627;-72,48128;VIIRS-NOAA-21;65,0;24,7;16,0;Nominal;D;0,48;0,4
2026-07-17 13:24;7,74706;-74,69109;VIIRS-NOAA-21;58,1;27,5;1,2;Nominal;D;0,4;0,37
2026-07-17 13:24;7,7722;-74,63706;VIIRS-NOAA-21;79,8;29,9;21,9;Nominal;D;0,4;0,37
2026-07-17 13:24;8,14059;-72,51772;VIIRS-NOAA-21;60,1;24,8;5,8;Nominal;D;0,48;0,4
2026-07-17 13:24;7,92824;-74,17717;VIIRS-NOAA-21;68,4;29,5;12,7;Nominal;D;0,41;0,37
2026-07-17 13:24;8,09606;-73,268;VIIRS-NOAA-21;58,6;32,6;2,5;Baja;D;0,44;0,39
2026-07-17 13:24;7,97354;-74,22231;VIIRS-NOAA-21;58,0;28,4;6,4;Nominal;D;0,41;0,37
2026-07-17 13:24;7,96919;-74,72865;VIIRS-NOAA-21;61,3;28,3;3,4;Nominal;D;0,4;0,37
2026-07-17 13:24;8,13085;-73,77297;VIIRS-NOAA-21;57,4;30,3;2,5;Baja;D;0,42;0,38
2026-07-17 13:24;8,11297;-74,03748;VIIRS-NOAA-21;61,7;33,1;3,0;Baja;D;0,41;0,37
2026-07-17 13:24;8,11242;-74,04123;VIIRS-NOAA-21;57,4;30,9;3,0;Baja;D;0,41;0,37
2026-07-17 13:24;7,95164;-75,27708;VIIRS-NOAA-21;60,3;29,5;5,6;Nominal;D;0,39;0,36
2026-07-17 13:24;8,17609;-74,27555;VIIRS-NOAA-21;58,1;24,1;2,9;Nominal;D;0,41;0,37
2026-07-17 13:24;8,44828;-72,53748;VIIRS-NOAA-21;60,3;26,4;6,1;Nominal;D;0,48;0,4
2026-07-17 13:24;8,39791;-73,10877;VIIRS-NOAA-21;57,6;26,6;4,0;Nominal;D;0,45;0,39
2026-07-17 13:24;8,26988;-74,39868;VIIRS-NOAA-21;57,8;28,6;2,5;Nominal;D;0,4;0,37
2026-07-17 13:24;8,55257;-72,64294;VIIRS-NOAA-21;62,2;27,6;5,5;Nominal;D;0,48;0,4
2026-07-17 13:24;8,47504;-73,22323;VIIRS-NOAA-21;57,3;28,0;2,3;Nominal;D;0,45;0,39
2026-07-17 13:24;8,22986;-74,96458;VIIRS-NOAA-21;62,5;31,0;5,3;Nominal;D;0,39;0,36
2026-07-17 13:24;8,4858;-73,37625;VIIRS-NOAA-21;57,6;27,1;3,2;Nominal;D;0,44;0,38
2026-07-17 13:24;8,48522;-73,3803;VIIRS-NOAA-21;58,4;25,8;2,9;Nominal;D;0,44;0,38
2026-07-17 13:24;8,4887;-73,38105;VIIRS-NOAA-21;58,9;30,1;4,0;Baja;D;0,44;0,38
2026-07-17 13:24;8,50154;-73,39154;VIIRS-NOAA-21;71,8;28,4;9,2;Nominal;D;0,44;0,38
2026-07-17 13:24;8,40353;-74,06468;VIIRS-NOAA-21;59,0;33,2;2,3;Nominal;D;0,41;0,37
2026-07-17 13:24;8,50504;-73,39215;VIIRS-NOAA-21;57,7;25,0;9,2;Nominal;D;0,44;0,38
2026-07-17 13:24;8,40364;-74,08776;VIIRS-NOAA-21;70,8;42,3;25,4;Nominal;D;0,41;0,37
2026-07-17 13:24;8,50605;-73,48367;VIIRS-NOAA-21;59,0;30,8;31,9;Baja;D;0,44;0,38
2026-07-17 13:24;8,60686;-72,83822;VIIRS-NOAA-21;61,8;30,5;33,0;Nominal;D;0,47;0,4
2026-07-17 13:24;8,38571;-74,39756;VIIRS-NOAA-21;60,8;28,7;5,0;Nominal;D;0,41;0,37
2026-07-17 13:24;8,38963;-74,39442;VIIRS-NOAA-21;80,4;34,0;20,8;Nominal;D;0,41;0,37
2026-07-17 13:24;8,38908;-74,39812;VIIRS-NOAA-21;64,6;28,6;20,8;Nominal;D;0,41;0,37
2026-07-17 13:24;8,65213;-72,70479;VIIRS-NOAA-21;58,9;28,7;4,4;Nominal;D;0,48;0,4
2026-07-17 13:24;8,66195;-72,81524;VIIRS-NOAA-21;60,3;27,3;3,7;Nominal;D;0,47;0,4
2026-07-17 13:24;8,66315;-72,81445;VIIRS-NOAA-21;60,6;27,8;3,7;Nominal;D;0,47;0,4
2026-07-17 13:24;8,49855;-74,2044;VIIRS-NOAA-21;63,0;33,1;5,9;Baja;D;0,41;0,37
2026-07-17 13:24;8,71691;-72,82655;VIIRS-NOAA-21;64,2;27,4;5,3;Nominal;D;0,47;0,4
2026-07-17 13:24;8,58764;-73,81294;VIIRS-NOAA-21;93,9;35,5;13,8;Alta;D;0,42;0,38
2026-07-17 13:24;8,77601;-72,72625;VIIRS-NOAA-21;61,9;24,7;3,8;Nominal;D;0,48;0,4
2026-07-17 13:24;8,68328;-73,38149;VIIRS-NOAA-21;61,6;23,5;85,2;Nominal;D;0,44;0,39
2026-07-17 13:24;8,77619;-72,72913;VIIRS-NOAA-21;58,7;27,0;3,7;Nominal;D;0,48;0,4
2026-07-17 13:24;8,68475;-73,37683;VIIRS-NOAA-21;68,7;28,4;58,8;Nominal;D;0,44;0,39
2026-07-17 13:24;8,78229;-72,79131;VIIRS-NOAA-21;62,8;29,3;20,7;Nominal;D;0,47;0,4
2026-07-17 13:24;8,78169;-72,7956;VIIRS-NOAA-21;59,4;26,5;23,5;Nominal;D;0,47;0,4
2026-07-17 13:24;8,78592;-72,79185;VIIRS-NOAA-21;69,9;30,3;20,7;Nominal;D;0,47;0,4
2026-07-17 13:24;8,65092;-73,8336;VIIRS-NOAA-21;67,8;37,1;3,4;Nominal;D;0,42;0,38
2026-07-17 13:24;8,65437;-73,83412;VIIRS-NOAA-21;63,4;37,9;8,1;Baja;D;0,42;0,38
2026-07-17 13:24;8,61178;-74,12599;VIIRS-NOAA-21;65,5;37,2;4,0;Nominal;D;0,41;0,37
2026-07-17 13:24;8,462;-75,27475;VIIRS-NOAA-21;61,7;30,6;4,5;Nominal;D;0,39;0,36
2026-07-17 13:24;8,68314;-73,83057;VIIRS-NOAA-21;64,4;37,8;5,2;Baja;D;0,42;0,38
2026-07-17 13:24;8,68202;-73,83824;VIIRS-NOAA-21;61,9;36,4;4,5;Baja;D;0,42;0,38
2026-07-17 13:24;8,63769;-74,18701;VIIRS-NOAA-21;60,8;33,0;9,3;Nominal;D;0,41;0,37
2026-07-17 13:24;8,64443;-74,16498;VIIRS-NOAA-21;63,5;33,5;5,1;Nominal;D;0,41;0,37
2026-07-17 13:24;8,7178;-73,90189;VIIRS-NOAA-21;66,4;39,3;3,5;Nominal;D;0,42;0,38
2026-07-17 13:24;8,74656;-73,80045;VIIRS-NOAA-21;63,0;36,6;4,6;Nominal;D;0,43;0,38
2026-07-17 13:24;8,77754;-73,75776;VIIRS-NOAA-21;65,5;38,3;7,5;Nominal;D;0,43;0,38
2026-07-17 13:24;8,69076;-74,39857;VIIRS-NOAA-21;59,4;33,3;2,3;Nominal;D;0,41;0,37
2026-07-17 13:24;8,84574;-73,50988;VIIRS-NOAA-21;59,9;32,8;2,9;Baja;D;0,44;0,38
2026-07-17 13:24;8,72538;-74,3285;VIIRS-NOAA-21;78,8;38,0;18,3;Nominal;D;0,41;0,37
2026-07-17 13:24;8,93994;-72,887;VIIRS-NOAA-21;60,8;29,2;9,2;Nominal;D;0,47;0,4
2026-07-17 13:24;8,73929;-74,39835;VIIRS-NOAA-21;59,2;31,4;1,5;Nominal;D;0,41;0,37
2026-07-17 13:24;8,82633;-73,85943;VIIRS-NOAA-21;70,5;41,2;11,4;Nominal;D;0,42;0,38
2026-07-17 13:24;8,97251;-72,89184;VIIRS-NOAA-21;60,7;26,9;3,7;Nominal;D;0,47;0,4
2026-07-17 13:24;8,82979;-73,85994;VIIRS-NOAA-21;75,3;46,5;25,4;Nominal;D;0,42;0,38
2026-07-17 13:24;8,83063;-73,94619;VIIRS-NOAA-21;75,1;36,9;7,2;Nominal;D;0,42;0,38
2026-07-17 13:24;8,83008;-73,94999;VIIRS-NOAA-21;70,6;42,2;19,9;Nominal;D;0,42;0,38
2026-07-17 13:24;8,83407;-73,94669;VIIRS-NOAA-21;80,4;43,9;20,2;Nominal;D;0,42;0,38
2026-07-17 13:24;8,83352;-73,95049;VIIRS-NOAA-21;73,1;39,1;10,3;Nominal;D;0,42;0,38
2026-07-17 13:24;8,83697;-73,951;VIIRS-NOAA-21;73,0;40,9;10,3;Nominal;D;0,42;0,38
2026-07-17 13:24;8,83642;-73,95483;VIIRS-NOAA-21;74,2;40,6;10,3;Nominal;D;0,42;0,38
2026-07-17 13:24;8,79483;-74,24081;VIIRS-NOAA-21;66,8;35,6;6,4;Nominal;D;0,41;0,37
2026-07-17 13:24;8,77267;-74,39254;VIIRS-NOAA-21;65,9;32,9;3,2;Nominal;D;0,41;0,37
2026-07-17 13:24;8,87523;-73,906;VIIRS-NOAA-21;64,1;38,5;13,9;Baja;D;0,42;0,38
2026-07-17 13:24;8,81296;-74,33073;VIIRS-NOAA-21;60,3;32,5;3,4;Nominal;D;0,41;0,37
2026-07-17 13:24;8,87254;-73,94854;VIIRS-NOAA-21;68,0;42,4;16,8;Baja;D;0,42;0,38
2026-07-17 13:24;8,79736;-74,46008;VIIRS-NOAA-21;62,1;36,6;5,5;Nominal;D;0,41;0,37
2026-07-17 13:24;8,88438;-73,89172;VIIRS-NOAA-21;64,0;38,9;5,8;Baja;D;0,42;0,38
2026-07-17 13:24;8,88783;-73,89223;VIIRS-NOAA-21;65,6;39,9;5,8;Baja;D;0,42;0,38
2026-07-17 13:24;8,82479;-74,32117;VIIRS-NOAA-21;62,0;35,4;3,3;Nominal;D;0,41;0,37
2026-07-17 13:24;8,71737;-75,11315;VIIRS-NOAA-21;64,1;32,6;4,0;Nominal;D;0,39;0,36
2026-07-17 13:24;8,9166;-73,88872;VIIRS-NOAA-21;64,2;36,1;4,6;Baja;D;0,42;0,38
2026-07-17 13:24;8,89736;-74,16074;VIIRS-NOAA-21;64,1;36,8;4,0;Baja;D;0,42;0,37
2026-07-17 13:24;8,8968;-74,16449;VIIRS-NOAA-21;67,6;37,1;4,0;Nominal;D;0,42;0,37
2026-07-17 13:24;8,8971;-74,16404;VIIRS-NOAA-21;79,5;38,6;9,9;Nominal;D;0,42;0,37
2026-07-17 13:24;8,85752;-74,48376;VIIRS-NOAA-21;61,8;33,4;2,5;Nominal;D;0,41;0,37
2026-07-17 13:24;8,8543;-74,50572;VIIRS-NOAA-21;67,8;36,9;10,8;Nominal;D;0,41;0,37
2026-07-17 13:24;8,83935;-74,60784;VIIRS-NOAA-21;64,2;35,9;3,9;Nominal;D;0,4;0,37
2026-07-17 13:24;8,8609;-74,48427;VIIRS-NOAA-21;64,7;35,7;2,5;Nominal;D;0,41;0,37
2026-07-17 13:24;8,86037;-74,48793;VIIRS-NOAA-21;61,2;33,0;2,8;Baja;D;0,41;0,37
2026-07-17 13:24;8,94924;-73,90067;VIIRS-NOAA-21;68,8;40,1;11,0;Baja;D;0,42;0,38
2026-07-17 13:24;8,95547;-73,88201;VIIRS-NOAA-21;62,8;34,9;4,2;Baja;D;0,43;0,38
2026-07-17 13:24;8,94865;-74,00202;VIIRS-NOAA-21;64,3;36,5;3,7;Baja;D;0,42;0,38
2026-07-17 13:24;8,86669;-74,58593;VIIRS-NOAA-21;60,6;32,1;4,1;Nominal;D;0,4;0,37
2026-07-17 13:24;8,97443;-73,87306;VIIRS-NOAA-21;62,8;35,3;4,8;Nominal;D;0,43;0,38
2026-07-17 13:24;8,96942;-73,90762;VIIRS-NOAA-21;68,2;37,8;6,5;Nominal;D;0,42;0,38
2026-07-17 13:24;8,87597;-74,54634;VIIRS-NOAA-21;62,5;31,9;4,7;Nominal;D;0,4;0,37
2026-07-17 13:24;8,95953;-73,99976;VIIRS-NOAA-21;62,0;36,5;7,3;Nominal;D;0,42;0,38
2026-07-17 13:24;8,9201;-74,29335;VIIRS-NOAA-21;62,5;34,7;3,5;Baja;D;0,41;0,37
2026-07-17 13:24;8,98538;-73,87076;VIIRS-NOAA-21;66,0;37,9;5,7;Nominal;D;0,43;0,38
2026-07-17 13:24;8,928;-74,28695;VIIRS-NOAA-21;63,0;33,9;2,6;Nominal;D;0,41;0,37
2026-07-17 13:24;8,98689;-73,95712;VIIRS-NOAA-21;73,7;39,2;6,7;Nominal;D;0,42;0,38
2026-07-17 13:24;8,93366;-74,38996;VIIRS-NOAA-21;68,5;35,3;7,3;Nominal;D;0,41;0,37
2026-07-17 13:24;8,93651;-74,39416;VIIRS-NOAA-21;64,3;35,4;10,0;Baja;D;0,41;0,37
2026-07-17 13:24;9,00413;-73,95969;VIIRS-NOAA-21;66,9;36,3;5,9;Nominal;D;0,42;0,38
2026-07-17 13:24;9,0457;-73,74934;VIIRS-NOAA-21;62,4;36,8;3,7;Baja;D;0,43;0,38
2026-07-17 13:24;8,94822;-74,47865;VIIRS-NOAA-21;62,4;34,3;2,2;Baja;D;0,41;0,37
2026-07-17 13:24;9,04592;-73,86797;VIIRS-NOAA-21;65,7;35,0;5,0;Nominal;D;0,43;0,38
2026-07-17 13:24;9,1092;-73,49326;VIIRS-NOAA-21;73,2;40,3;16,1;Nominal;D;0,44;0,39
2026-07-17 13:24;9,11328;-73,48988;VIIRS-NOAA-21;66,4;39,7;16,1;Baja;D;0,44;0,39
2026-07-17 13:24;9,08315;-73,77454;VIIRS-NOAA-21;61,4;31,7;4,0;Nominal;D;0,43;0,38
2026-07-17 13:24;8,97325;-74,55377;VIIRS-NOAA-21;73,2;41,1;19,1;Nominal;D;0,4;0,37
2026-07-17 13:24;9,03848;-74,13145;VIIRS-NOAA-21;68,4;39,1;20,8;Nominal;D;0,42;0,37
2026-07-17 13:24;8,97663;-74,55429;VIIRS-NOAA-21;73,6;35,4;19,6;Nominal;D;0,4;0,37
2026-07-17 13:24;9,1789;-73,40973;VIIRS-NOAA-21;73,4;29,7;8,0;Nominal;D;0,45;0,39
2026-07-17 13:24;9,22083;-73,47106;VIIRS-NOAA-21;68,5;37,1;9,7;Nominal;D;0,44;0,39
2026-07-17 13:24;9,21759;-73,74262;VIIRS-NOAA-21;66,2;38,3;4,0;Nominal;D;0,43;0,38
2026-07-17 13:24;9,27765;-73,35163;VIIRS-NOAA-21;59,7;32,0;4,5;Baja;D;0,45;0,39
2026-07-17 13:24;9,11946;-74,48622;VIIRS-NOAA-21;68,5;38,6;9,9;Baja;D;0,41;0,37
2026-07-17 13:24;9,12284;-74,48672;VIIRS-NOAA-21;66,6;36,7;4,5;Baja;D;0,41;0,37
2026-07-17 13:24;9,25641;-73,69635;VIIRS-NOAA-21;63,0;37,0;2,7;Baja;D;0,43;0,38
2026-07-17 13:24;9,19316;-74,12771;VIIRS-NOAA-21;70,3;38,5;10,7;Nominal;D;0,42;0,38
2026-07-17 13:24;9,25991;-73,69687;VIIRS-NOAA-21;73,1;39,9;3,3;Nominal;D;0,43;0,38
2026-07-17 13:24;9,23649;-73,85675;VIIRS-NOAA-21;69,3;40,1;5,4;Baja;D;0,43;0,38
2026-07-17 13:24;9,27439;-73,64672;VIIRS-NOAA-21;75,3;42,0;8,6;Nominal;D;0,44;0,38
2026-07-17 13:24;9,28372;-73,63197;VIIRS-NOAA-21;66,3;37,3;5,2;Baja;D;0,44;0,38
2026-07-17 13:24;9,30008;-73,64245;VIIRS-NOAA-21;68,4;40,5;7,4;Baja;D;0,44;0,38
2026-07-17 13:24;9,15182;-74,64076;VIIRS-NOAA-21;64,8;37,1;15,2;Baja;D;0,4;0,37
2026-07-17 13:24;9,29791;-73,64124;VIIRS-NOAA-21;66,0;39,3;7,1;Baja;D;0,44;0,38
2026-07-17 13:24;9,30956;-73,63487;VIIRS-NOAA-21;74,4;37,9;14,8;Nominal;D;0,44;0,38
2026-07-17 13:24;9,30899;-73,63884;VIIRS-NOAA-21;79,6;39,8;20,1;Nominal;D;0,44;0,38
2026-07-17 13:24;9,35128;-73,36765;VIIRS-NOAA-21;63,9;37,2;3,8;Baja;D;0,45;0,39
2026-07-17 13:24;9,31363;-73,63145;VIIRS-NOAA-21;70,7;39,9;17,4;Nominal;D;0,44;0,38
2026-07-17 13:24;9,31307;-73,6354;VIIRS-NOAA-21;81,8;53,1;17,4;Nominal;D;0,44;0,38
2026-07-17 13:24;9,3125;-73,63936;VIIRS-NOAA-21;93,9;55,3;38,6;Baja;D;0,44;0,38
2026-07-17 13:24;9,31657;-73,63592;VIIRS-NOAA-21;77,1;41,1;17,4;Nominal;D;0,44;0,38
2026-07-17 13:24;9,31601;-73,63987;VIIRS-NOAA-21;65,7;38,7;38,6;Baja;D;0,44;0,38
2026-07-17 13:24;9,32065;-73,63248;VIIRS-NOAA-21;79,2;38,1;33,6;Nominal;D;0,44;0,38
2026-07-17 13:24;9,26612;-74,08391;VIIRS-NOAA-21;71,0;43,3;7,2;Baja;D;0,42;0,38
2026-07-17 13:24;9,17026;-74,7622;VIIRS-NOAA-21;67,9;40,9;4,7;Baja;D;0,4;0,37
2026-07-17 13:24;9,35373;-73,55214;VIIRS-NOAA-21;68,1;37,6;10,6;Nominal;D;0,44;0,38
2026-07-17 13:24;9,35956;-73,53668;VIIRS-NOAA-21;75,6;40,2;8,9;Nominal;D;0,44;0,39
2026-07-17 13:24;9,32924;-73,74643;VIIRS-NOAA-21;64,0;36,1;4,1;Baja;D;0,43;0,38
2026-07-17 13:24;9,36308;-73,5372;VIIRS-NOAA-21;66,9;40,6;4,6;Baja;D;0,44;0,39
2026-07-17 13:24;4,09992;-70,53182;VIIRS-NOAA-21;80,7;13,5;15,4;Nominal;D;0,55;0,43
2026-07-17 13:24;4,2335;-70,58144;VIIRS-NOAA-21;69,2;24,0;18,6;Nominal;D;0,55;0,43
2026-07-17 13:24;4,23279;-70,58637;VIIRS-NOAA-21;60,2;21,3;5,2;Nominal;D;0,55;0,43
2026-07-17 13:24;4,2374;-70,58205;VIIRS-NOAA-21;71,2;23,2;9,4;Nominal;D;0,55;0,43
2026-07-17 13:24;4,34373;-70,29675;VIIRS-NOAA-21;65,4;22,1;7,1;Nominal;D;0,38;0,43
2026-07-17 13:24;4,2799;-70,77728;VIIRS-NOAA-21;57,8;21,8;3,1;Nominal;D;0,54;0,42
2026-07-17 13:24;4,61828;-69,02579;VIIRS-NOAA-21;68,5;23,5;7,5;Nominal;D;0,47;0,48
2026-07-17 13:24;4,68407;-68,79153;VIIRS-NOAA-21;61,4;13,8;7,2;Nominal;D;0,49;0,48
2026-07-17 13:24;4,79818;-68,1149;VIIRS-NOAA-21;67,4;21,8;5,3;Nominal;D;0,54;0,51
2026-07-17 13:24;4,79661;-68,11644;VIIRS-NOAA-21;62,9;21,8;8,0;Nominal;D;0,54;0,51
2026-07-17 13:24;4,55312;-69,92336;VIIRS-NOAA-21;69,2;18,5;11,0;Nominal;D;0,41;0,45
2026-07-17 13:24;4,95202;-68,18153;VIIRS-NOAA-21;58,3;16,9;8,7;Nominal;D;0,54;0,51
2026-07-17 13:24;4,90943;-69,09914;VIIRS-NOAA-21;68,0;22,9;7,8;Nominal;D;0,47;0,47
2026-07-17 13:24;5,04229;-68,89515;VIIRS-NOAA-21;60,1;20,6;3,9;Nominal;D;0,48;0,48
2026-07-17 13:24;4,99182;-70,88098;VIIRS-NOAA-21;57,0;23,0;9,6;Nominal;D;0,54;0,42
2026-07-17 13:24;4,99111;-70,88581;VIIRS-NOAA-21;77,4;26,3;9,6;Nominal;D;0,54;0,42
2026-07-17 13:24;4,9904;-70,89066;VIIRS-NOAA-21;72,5;25,5;9,5;Nominal;D;0,54;0,42
2026-07-17 13:24;4,99498;-70,88638;VIIRS-NOAA-21;65,2;25,8;9,6;Nominal;D;0,54;0,42
2026-07-17 13:24;4,99426;-70,89122;VIIRS-NOAA-21;64,6;25,8;9,5;Nominal;D;0,54;0,42
2026-07-17 13:24;5,18871;-69,59137;VIIRS-NOAA-21;62,0;21,2;9,4;Nominal;D;0,44;0,46
2026-07-17 13:24;4,99956;-70,88212;VIIRS-NOAA-21;57,1;24,6;11,8;Nominal;D;0,54;0,42
2026-07-17 13:26;10,90967;-73,29051;VIIRS-NOAA-21;64,4;28,2;4,5;Nominal;D;0,47;0,4
2026-07-17 13:26;10,7265;-74,08888;VIIRS-NOAA-21;59,9;28,3;3,7;Nominal;D;0,43;0,38
2026-07-17 13:26;10,59874;-74,91309;VIIRS-NOAA-21;64,1;36,2;4,4;Baja;D;0,4;0,37
2026-07-17 13:26;10,66108;-74,22215;VIIRS-NOAA-21;65,4;33,4;7,1;Nominal;D;0,43;0,38
2026-07-17 13:26;10,54811;-74,73143;VIIRS-NOAA-21;62,0;31,2;2,4;Nominal;D;0,41;0,37
2026-07-17 13:26;10,47618;-75,07678;VIIRS-NOAA-21;63,0;30,7;3,8;Nominal;D;0,4;0,37
2026-07-17 13:26;10,47282;-75,07628;VIIRS-NOAA-21;62,5;30,7;4,0;Nominal;D;0,4;0,37
2026-07-17 13:26;10,41081;-75,40146;VIIRS-NOAA-21;62,7;31,0;3,8;Nominal;D;0,39;0,36
2026-07-17 13:26;10,41134;-75,39789;VIIRS-NOAA-21;64,8;34,5;3,8;Nominal;D;0,39;0,36
2026-07-17 13:26;10,45509;-75,10323;VIIRS-NOAA-21;62,8;31,8;2,6;Nominal;D;0,4;0,37
2026-07-17 13:26;10,78758;-72,80424;VIIRS-NOAA-21;68,5;36,4;6,4;Nominal;D;0,5;0,41
2026-07-17 13:26;10,49051;-74,83989;VIIRS-NOAA-21;66,9;38,2;4,7;Baja;D;0,41;0,37
2026-07-17 13:26;10,56573;-74,08126;VIIRS-NOAA-21;63,0;29,1;5,1;Nominal;D;0,43;0,38
2026-07-17 13:26;10,3775;-75,32706;VIIRS-NOAA-21;78,8;36,4;14,3;Nominal;D;0,39;0,37
2026-07-17 13:26;10,35623;-75,44778;VIIRS-NOAA-21;62,4;32,6;2,3;Baja;D;0,39;0,36
2026-07-17 13:26;10,37416;-75,32657;VIIRS-NOAA-21;74,8;40,6;28,8;Nominal;D;0,39;0,37
2026-07-17 13:26;10,66668;-73,23921;VIIRS-NOAA-21;62,5;37,2;6,2;Baja;D;0,47;0,4
2026-07-17 13:26;10,48372;-74,40788;VIIRS-NOAA-21;66,0;35,2;6,5;Nominal;D;0,42;0,38
2026-07-17 13:26;10,31001;-75,39359;VIIRS-NOAA-21;61,2;34,0;3,4;Baja;D;0,39;0,36
2026-07-17 13:26;10,2686;-75,42006;VIIRS-NOAA-21;62,5;35,1;7,8;Baja;D;0,39;0,36
2026-07-17 13:26;10,42249;-74,19946;VIIRS-NOAA-21;58,7;30,9;2,0;Baja;D;0,43;0,38
2026-07-17 13:26;10,33988;-74,55189;VIIRS-NOAA-21;61,4;33,6;3,3;Baja;D;0,41;0,37
2026-07-17 13:26;10,37389;-74,20025;VIIRS-NOAA-21;62,0;34,2;1,6;Baja;D;0,42;0,38
2026-07-17 13:26;10,37904;-74,04276;VIIRS-NOAA-21;66,1;32,9;6,5;Nominal;D;0,43;0,38
2026-07-17 13:26;10,26006;-74,66933;VIIRS-NOAA-21;71,7;38,2;7,3;Nominal;D;0,41;0,37
2026-07-17 13:26;10,28268;-74,48966;VIIRS-NOAA-21;68,4;34,9;3,7;Nominal;D;0,41;0,37
2026-07-17 13:26;10,20931;-74,96942;VIIRS-NOAA-21;74,0;36,5;9,2;Nominal;D;0,4;0,37
2026-07-17 13:26;10,20595;-74,9689;VIIRS-NOAA-21;72,7;36,3;9,2;Nominal;D;0,4;0,37
2026-07-17 13:26;10,29102;-74,28593;VIIRS-NOAA-21;60,7;33,1;2,6;Baja;D;0,42;0,38
2026-07-17 13:26;10,29141;-74,28592;VIIRS-NOAA-21;60,7;33,2;3,3;Baja;D;0,42;0,38
2026-07-17 13:26;10,22018;-74,36457;VIIRS-NOAA-21;61,6;35,4;3,3;Baja;D;0,42;0,38
2026-07-17 13:26;10,22073;-74,36079;VIIRS-NOAA-21;65,6;39,1;7,7;Baja;D;0,42;0,38
2026-07-17 13:26;10,09818;-75,05594;VIIRS-NOAA-21;63,0;33,4;3,4;Nominal;D;0,4;0,37
2026-07-17 13:26;10,27357;-73,77257;VIIRS-NOAA-21;62,9;26,6;7,3;Nominal;D;0,44;0,38
2026-07-17 13:26;10,0626;-75,00294;VIIRS-NOAA-21;67,1;38,7;8,3;Baja;D;0,4;0,37
2026-07-17 13:26;10,0587;-75,00607;VIIRS-NOAA-21;72,4;40,3;11,9;Nominal;D;0,4;0,37
2026-07-17 13:26;10,08529;-74,73385;VIIRS-NOAA-21;64,0;36,2;7,5;Baja;D;0,41;0,37
2026-07-17 13:26;9,96257;-75,44485;VIIRS-NOAA-21;62,4;32,9;3,9;Nominal;D;0,39;0,36
2026-07-17 13:26;9,9631;-75,44131;VIIRS-NOAA-21;60,0;32,3;3,5;Nominal;D;0,39;0,36
2026-07-17 13:26;10,07145;-74,59219;VIIRS-NOAA-21;68,0;36,2;3,0;Nominal;D;0,41;0,37
2026-07-17 13:26;9,98918;-75,05868;VIIRS-NOAA-21;61,4;35,5;4,1;Baja;D;0,4;0,37
2026-07-17 13:26;10,06419;-74,35368;VIIRS-NOAA-21;66,2;39,2;4,0;Nominal;D;0,42;0,37
2026-07-17 13:26;10,06413;-74,35343;VIIRS-NOAA-21;67,8;39,2;6,0;Baja;D;0,42;0,37
2026-07-17 13:26;9,97842;-74,72112;VIIRS-NOAA-21;63,7;38,0;1,7;Baja;D;0,41;0,37
2026-07-17 13:26;9,8608;-75,28342;VIIRS-NOAA-21;70,9;34,4;5,3;Nominal;D;0,39;0,36
2026-07-17 13:26;10,09421;-73,55837;VIIRS-NOAA-21;67,8;38,1;9,3;Baja;D;0,45;0,39
2026-07-17 13:26;9,82797;-75,34394;VIIRS-NOAA-21;62,0;35,7;19,2;Baja;D;0,39;0,36
2026-07-17 13:26;9,86805;-74,87234;VIIRS-NOAA-21;72,9;38,7;7,0;Nominal;D;0,4;0,37
2026-07-17 13:26;9,87966;-74,63098;VIIRS-NOAA-21;63,5;37,7;4,1;Baja;D;0,41;0,37
2026-07-17 13:26;9,80915;-75,03756;VIIRS-NOAA-21;63,7;36,2;4,2;Baja;D;0,4;0,37
2026-07-17 13:26;9,83227;-74,7178;VIIRS-NOAA-21;73,5;38,5;7,2;Nominal;D;0,41;0,37
2026-07-17 13:26;9,86322;-74,43479;VIIRS-NOAA-21;66,7;40,6;3,2;Baja;D;0,41;0,37
2026-07-17 13:26;9,69672;-75,51849;VIIRS-NOAA-21;73,8;36,8;10,2;Nominal;D;0,39;0,36
2026-07-17 13:26;9,93082;-73,89327;VIIRS-NOAA-21;77,0;41,5;10,6;Nominal;D;0,43;0,38
2026-07-17 13:26;9,70531;-75,34656;VIIRS-NOAA-21;60,5;34,5;11,2;Baja;D;0,39;0,36
2026-07-17 13:26;9,73688;-75,13302;VIIRS-NOAA-21;60,9;35,0;3,3;Baja;D;0,4;0,37
2026-07-17 13:26;9,73354;-75,13251;VIIRS-NOAA-21;63,7;36,1;3,3;Baja;D;0,4;0,37
2026-07-17 13:26;9,73407;-75,12892;VIIRS-NOAA-21;70,8;38,6;17,0;Nominal;D;0,4;0,37
2026-07-17 13:26;9,69772;-75,28407;VIIRS-NOAA-21;60,2;32,3;2,9;Nominal;D;0,39;0,36
2026-07-17 13:26;10,01026;-73,1663;VIIRS-NOAA-21;60,2;31,1;3,5;Baja;D;0,47;0,39
2026-07-17 13:26;9,8468;-74,13902;VIIRS-NOAA-21;62,6;37,5;1,8;Baja;D;0,42;0,38
2026-07-17 13:26;9,64173;-75,43082;VIIRS-NOAA-21;58,9;33,2;2,5;Baja;D;0,39;0,36
2026-07-17 13:26;9,68141;-75,16506;VIIRS-NOAA-21;70,1;35,5;8,7;Nominal;D;0,39;0,37
2026-07-17 13:26;9,61754;-75,52438;VIIRS-NOAA-21;59,4;30,0;1,8;Nominal;D;0,39;0,36
2026-07-17 13:26;9,7178;-74,75681;VIIRS-NOAA-21;62,9;35,3;4,1;Nominal;D;0,4;0,37
2026-07-17 13:26;9,71228;-74,77091;VIIRS-NOAA-21;36,6;37,9;51,3;Baja;D;0,4;0,37
2026-07-17 13:26;9,70355;-74,80687;VIIRS-NOAA-21;61,8;33,7;4,1;Baja;D;0,4;0,37
2026-07-17 13:26;9,70409;-74,80322;VIIRS-NOAA-21;62,0;34,6;4,1;Baja;D;0,4;0,37
2026-07-17 13:26;9,70891;-74,77041;VIIRS-NOAA-21;66,1;37,3;21,3;Nominal;D;0,4;0,37
2026-07-17 13:26;9,58842;-75,46954;VIIRS-NOAA-21;59,9;27,2;3,8;Nominal;D;0,39;0,36
2026-07-17 13:26;9,67926;-74,78458;VIIRS-NOAA-21;61,9;33,3;3,9;Baja;D;0,4;0,37
2026-07-17 13:26;9,678;-74,75783;VIIRS-NOAA-21;63,0;35,9;14,8;Baja;D;0,4;0,37
2026-07-17 13:26;9,66648;-74,81195;VIIRS-NOAA-21;64,5;35,3;10,2;Baja;D;0,4;0,37
2026-07-17 13:26;9,59593;-75,26064;VIIRS-NOAA-21;69,9;35,3;5,0;Nominal;D;0,39;0,36
2026-07-17 13:26;9,66312;-74,81144;VIIRS-NOAA-21;67,2;37,8;32,3;Baja;D;0,4;0,37
2026-07-17 13:26;9,60487;-75,17828;VIIRS-NOAA-21;66,9;40,5;20,3;Nominal;D;0,39;0,36
2026-07-17 13:26;9,6491;-74,81303;VIIRS-NOAA-21;64,1;37,1;6,2;Baja;D;0,4;0,37
2026-07-17 13:26;9,64682;-74,80526;VIIRS-NOAA-21;61,2;34,8;3,9;Baja;D;0,4;0,37
2026-07-17 13:26;9,64736;-74,80162;VIIRS-NOAA-21;66,3;36,6;3,9;Baja;D;0,4;0,37
2026-07-17 13:26;9,83958;-73,49392;VIIRS-NOAA-21;67,4;37,3;23,7;Nominal;D;0,45;0,39
2026-07-17 13:26;9,84017;-73,48986;VIIRS-NOAA-21;74,7;39,0;12,3;Nominal;D;0,45;0,39
2026-07-17 13:26;9,59512;-75,12933;VIIRS-NOAA-21;58,8;33,7;2,5;Baja;D;0,39;0,37
2026-07-17 13:26;9,83544;-73,49746;VIIRS-NOAA-21;61,4;33,2;8,7;Baja;D;0,45;0,39
2026-07-17 13:26;9,83603;-73,49339;VIIRS-NOAA-21;76,5;38,4;8,7;Nominal;D;0,45;0,39
2026-07-17 13:26;9,55303;-75,38805;VIIRS-NOAA-21;70,5;30,8;7,2;Nominal;D;0,39;0,36
2026-07-17 13:26;9,65035;-74,73501;VIIRS-NOAA-21;68,5;36,2;5,5;Nominal;D;0,4;0,37
2026-07-17 13:26;9,5497;-75,38758;VIIRS-NOAA-21;58,8;31,4;17,4;Nominal;D;0,39;0,36
2026-07-17 13:26;9,73256;-74,12961;VIIRS-NOAA-21;63,6;38,0;4,4;Baja;D;0,42;0,38
2026-07-17 13:26;9,73312;-74,12579;VIIRS-NOAA-21;63,8;37,8;5,0;Baja;D;0,42;0,38
2026-07-17 13:26;9,63105;-74,79545;VIIRS-NOAA-21;63,0;35,0;10,0;Baja;D;0,4;0,37
2026-07-17 13:26;9,8195;-73,50754;VIIRS-NOAA-21;66,0;33,7;6,2;Nominal;D;0,45;0,39
2026-07-17 13:26;9,55378;-75,17778;VIIRS-NOAA-21;65,0;37,4;5,9;Baja;D;0,39;0,36
2026-07-17 13:26;9,60716;-74,74715;VIIRS-NOAA-21;75,5;39,1;11,2;Nominal;D;0,4;0,37
2026-07-17 13:26;9,6077;-74,74349;VIIRS-NOAA-21;93,9;40,8;11,2;Alta;D;0,4;0,37
2026-07-17 13:26;9,5995;-74,7758;VIIRS-NOAA-21;73,7;36,6;12,1;Nominal;D;0,4;0,37
2026-07-17 13:26;9,55654;-75,02081;VIIRS-NOAA-21;64,2;38,8;3,9;Nominal;D;0,4;0,37
2026-07-17 13:26;9,50605;-75,24686;VIIRS-NOAA-21;62,2;36,1;7,5;Baja;D;0,39;0,36
2026-07-17 13:26;9,74551;-73,59548;VIIRS-NOAA-21;66,9;37,2;9,6;Baja;D;0,44;0,39
2026-07-17 13:26;9,56811;-74,7785;VIIRS-NOAA-21;68,1;39,4;8,6;Baja;D;0,4;0,37
2026-07-17 13:26;9,56622;-74,7779;VIIRS-NOAA-21;65,6;37,6;5,6;Baja;D;0,4;0,37
2026-07-17 13:26;9,5063;-75,15544;VIIRS-NOAA-21;62,5;36,6;1,9;Nominal;D;0,39;0,36
2026-07-17 13:26;9,73966;-73,50869;VIIRS-NOAA-21;68,9;41,3;10,2;Baja;D;0,45;0,39
2026-07-17 13:26;9,74443;-73,32597;VIIRS-NOAA-21;62,8;35,8;5,4;Baja;D;0,46;0,39
2026-07-17 13:26;9,48286;-74,96876;VIIRS-NOAA-21;66,0;40,0;4,8;Baja;D;0,4;0,37
2026-07-17 13:26;9,475;-74,88277;VIIRS-NOAA-21;66,5;40,9;8,0;Baja;D;0,4;0,37
2026-07-17 13:26;9,48536;-74,76572;VIIRS-NOAA-21;69,3;37,7;5,7;Nominal;D;0,4;0,37
2026-07-17 13:26;9,46903;-74,83004;VIIRS-NOAA-21;71,7;39,4;16,7;Nominal;D;0,4;0,37
2026-07-17 13:26;9,70071;-73,22263;VIIRS-NOAA-21;63,9;35,2;5,0;Baja;D;0,46;0,39
2026-07-17 13:26;9,56559;-74,00367;VIIRS-NOAA-21;74,0;38,9;9,0;Nominal;D;0,43;0,38
2026-07-17 13:26;11,19932;-74,00333;VIIRS-NOAA-21;62,7;24,6;3,3;Nominal;D;0,44;0,38
2026-07-17 13:26;11,19816;-74,00362;VIIRS-NOAA-21;62,0;24,3;3,0;Nominal;D;0,44;0,38
2026-07-17 13:26;11,20429;-73,9123;VIIRS-NOAA-21;59,4;22,1;3,5;Nominal;D;0,44;0,39
2026-07-17 13:26;11,38003;-72,68848;VIIRS-NOAA-21;62,5;32,4;9,3;Nominal;D;0,51;0,41
2026-07-17 13:26;11,37626;-72,68795;VIIRS-NOAA-21;57,4;31,1;3,2;Baja;D;0,51;0,41
2026-07-17 13:26;11,23606;-73,17372;VIIRS-NOAA-21;63,4;34,8;3,6;Baja;D;0,48;0,4
2026-07-17 13:26;11,23667;-73,16933;VIIRS-NOAA-21;62,8;34,2;3,6;Baja;D;0,48;0,4
2026-07-17 13:26;10,85913;-74,66745;VIIRS-NOAA-21;58,2;31,1;1,8;Nominal;D;0,41;0,37
2026-07-17 13:26;10,7454;-75,159;VIIRS-NOAA-21;64,4;31,2;4,9;Nominal;D;0,4;0,37
2026-07-17 13:26;10,73748;-75,07255;VIIRS-NOAA-21;61,1;33,8;2,5;Baja;D;0,4;0,37
2026-07-17 13:26;10,75158;-74,92855;VIIRS-NOAA-21;62,4;34,1;2,3;Baja;D;0,41;0,37
2026-07-17 13:26;10,76037;-74,82031;VIIRS-NOAA-21;59,9;33,9;1,7;Baja;D;0,41;0,37
2026-07-17 13:26;10,90691;-73,51666;VIIRS-NOAA-21;66,6;33,5;4,4;Nominal;D;0,46;0,39
2026-07-17 13:26;10,90394;-73,51186;VIIRS-NOAA-21;67,0;33,0;6,4;Nominal;D;0,46;0,39
2026-07-17 13:58;1,89232;-77,16526;VIIRS-Suomi-NPP;56,4;24,3;4,8;Nominal;D;0,51;0,41
2026-07-17 13:58;5,16963;-69,70499;VIIRS-Suomi-NPP;55,0;16,4;7,5;Nominal;D;0,59;0,7
2026-07-17 13:58;5,17039;-69,69948;VIIRS-Suomi-NPP;78,6;16,5;7,5;Nominal;D;0,59;0,7
2026-07-17 13:58;5,18559;-69,58854;VIIRS-Suomi-NPP;59,1;13,4;4,7;Nominal;D;0,6;0,71
2026-07-17 13:58;5,00035;-70,88641;VIIRS-Suomi-NPP;61,4;16,5;9,4;Nominal;D;0,49;0,65
2026-07-17 13:58;5,1631;-69,704;VIIRS-Suomi-NPP;76,9;15,9;11,4;Nominal;D;0,59;0,7
2026-07-17 13:58;5,24563;-68,94396;VIIRS-Suomi-NPP;60,2;14,5;7,4;Nominal;D;0,66;0,73
2026-07-17 13:58;5,16387;-69,70329;VIIRS-Suomi-NPP;73,8;15,4;8,8;Nominal;D;0,59;0,7
2026-07-17 13:58;5,24471;-68,94398;VIIRS-Suomi-NPP;57,2;14,7;7,7;Nominal;D;0,66;0,73
2026-07-17 13:58;4,64806;-71,25847;VIIRS-Suomi-NPP;72,0;17,1;9,7;Nominal;D;0,46;0,63
2026-07-17 13:58;4,64158;-71,26188;VIIRS-Suomi-NPP;57,9;16,0;3,2;Nominal;D;0,46;0,63
2026-07-17 13:58;4,23851;-70,58306;VIIRS-Suomi-NPP;66,2;14,8;6,0;Nominal;D;0,5;0,66
2026-07-17 13:58;4,23241;-70,58215;VIIRS-Suomi-NPP;53,6;13,6;5,8;Nominal;D;0,5;0,66
2026-07-17 13:58;4,23307;-70,57753;VIIRS-Suomi-NPP;59,4;14,1;6,2;Nominal;D;0,5;0,66
2026-07-17 13:58;1,93661;-77,0462;VIIRS-Suomi-NPP;65,6;6,4;4,5;Nominal;D;0,52;0,41
2026-07-17 13:58;1,93463;-77,04286;VIIRS-Suomi-NPP;74,0;9,8;6,9;Nominal;D;0,52;0,41
2026-07-17 13:58;1,89165;-77,1696;VIIRS-Suomi-NPP;54,8;22,3;4,8;Nominal;D;0,51;0,41
2026-07-17 13:58;1,88716;-77,17355;VIIRS-Suomi-NPP;75,0;22,0;9,7;Nominal;D;0,51;0,41
2026-07-17 13:58;1,88785;-77,16911;VIIRS-Suomi-NPP;81,1;24,8;4,8;Nominal;D;0,51;0,41
2026-07-17 13:58;1,88854;-77,1646;VIIRS-Suomi-NPP;68,0;22,7;4,8;Nominal;D;0,51;0,41
2026-07-17 13:58;1,88339;-77,17284;VIIRS-Suomi-NPP;72,0;24,6;23,7;Nominal;D;0,51;0,41
2026-07-17 13:58;1,88408;-77,16835;VIIRS-Suomi-NPP;80,0;29,7;30,7;Nominal;D;0,51;0,41
2026-07-17 13:58;1,88477;-77,16383;VIIRS-Suomi-NPP;62,0;22,1;30,7;Nominal;D;0,51;0,41
2026-07-17 13:58;1,46822;-77,29413;VIIRS-Suomi-NPP;80,3;31,4;13,0;Nominal;D;0,5;0,41
2026-07-17 13:58;1,46444;-77,29378;VIIRS-Suomi-NPP;74,3;36,1;9,8;Nominal;D;0,5;0,41
2026-07-17 13:58;1,46067;-77,2934;VIIRS-Suomi-NPP;73,6;32,3;9,8;Nominal;D;0,5;0,41
2026-07-17 13:58;1,4569;-77,29295;VIIRS-Suomi-NPP;55,4;29,6;3,5;Baja;D;0,5;0,41
2026-07-17 13:58;1,45745;-77,28934;VIIRS-Suomi-NPP;77,4;38,4;39,7;Nominal;D;0,5;0,41
2026-07-17 13:58;1,4537;-77,28883;VIIRS-Suomi-NPP;63,5;29,3;39,7;Nominal;D;0,5;0,41
2026-07-17 13:58;5,16467;-69,69778;VIIRS-Suomi-NPP;66,2;15,8;10,7;Nominal;D;0,59;0,7
2026-07-17 13:58;1,45695;-77,28642;VIIRS-Suomi-NPP;69,8;37,3;36,4;Nominal;D;0,5;0,41
2026-07-17 13:58;1,45636;-77,29028;VIIRS-Suomi-NPP;68,4;36,1;36,4;Nominal;D;0,5;0,41
2026-07-17 13:58;1,46012;-77,29075;VIIRS-Suomi-NPP;72,9;35,2;19,5;Nominal;D;0,5;0,41
2026-07-17 13:58;1,46335;-77,29469;VIIRS-Suomi-NPP;74,9;34,4;9,5;Nominal;D;0,5;0,41
2026-07-17 14:00;6,38631;-74,2022;VIIRS-Suomi-NPP;67,1;22,1;8,2;Nominal;D;0,61;0,53
2026-07-17 14:00;5,67985;-75,17336;VIIRS-Suomi-NPP;68,6;20,8;11,9;Nominal;D;0,51;0,5
2026-07-17 14:00;5,67527;-75,17278;VIIRS-Suomi-NPP;77,0;21,2;11,9;Nominal;D;0,51;0,5
2026-07-17 14:00;5,64071;-75,21988;VIIRS-Suomi-NPP;66,2;19,2;7,5;Nominal;D;0,51;0,49
2026-07-17 14:00;5,6406;-75,21658;VIIRS-Suomi-NPP;66,5;21,0;9,1;Nominal;D;0,51;0,49
2026-07-17 14:00;6,26821;-70,11044;VIIRS-Suomi-NPP;64,1;16,5;7,0;Nominal;D;0,57;0,69
2026-07-17 14:00;6,26804;-70,11196;VIIRS-Suomi-NPP;68,4;16,4;6,9;Nominal;D;0,57;0,69
2026-07-17 14:00;5,4207;-74,6976;VIIRS-Suomi-NPP;70,9;17,2;17,7;Nominal;D;0,55;0,51
2026-07-17 14:00;5,74206;-69,95763;VIIRS-Suomi-NPP;64,9;17,1;8,2;Nominal;D;0,58;0,7
2026-07-17 14:00;5,74278;-69,95225;VIIRS-Suomi-NPP;56,0;16,2;7,9;Nominal;D;0,58;0,7
2026-07-17 14:00;5,73557;-69,95679;VIIRS-Suomi-NPP;57,4;16,0;3,9;Nominal;D;0,58;0,7
2026-07-17 14:00;5,74226;-69,95527;VIIRS-Suomi-NPP;66,8;17,0;9,6;Nominal;D;0,58;0,7
2026-07-17 14:00;5,70679;-69,48003;VIIRS-Suomi-NPP;54,4;15,7;2,1;Nominal;D;0,62;0,72
2026-07-17 14:00;5,71061;-69,47983;VIIRS-Suomi-NPP;59,3;16,5;5,5;Nominal;D;0,62;0,71
2026-07-17 14:00;6,22799;-74,94819;VIIRS-Suomi-NPP;68,2;25,4;8,4;Nominal;D;0,54;0,51
2026-07-17 14:00;6,30517;-74,24232;VIIRS-Suomi-NPP;67,7;20,7;9,4;Nominal;D;0,6;0,53
2026-07-17 14:00;6,30459;-74,23941;VIIRS-Suomi-NPP;68,7;20,7;8,5;Nominal;D;0,6;0,53
2026-07-17 14:00;6,21987;-74,79417;VIIRS-Suomi-NPP;70,8;26,7;67,2;Nominal;D;0,55;0,51
2026-07-17 14:00;6,01771;-74,88652;VIIRS-Suomi-NPP;72,5;23,6;7,3;Nominal;D;0,54;0,51
2026-07-17 14:00;6,01579;-74,88787;VIIRS-Suomi-NPP;68,4;24,4;9,8;Nominal;D;0,54;0,51
2026-07-17 14:00;5,81696;-75,87547;VIIRS-Suomi-NPP;57,0;25,8;4,5;Nominal;D;0,46;0,47
2026-07-17 14:00;5,81316;-75,48763;VIIRS-Suomi-NPP;78,6;13,7;16,6;Nominal;D;0,49;0,49
2026-07-17 14:00;5,81086;-75,48805;VIIRS-Suomi-NPP;67,9;16,0;11,2;Nominal;D;0,49;0,49
2026-07-17 14:00;6,30356;-71,90828;VIIRS-Suomi-NPP;55,0;18,5;4,8;Nominal;D;0,44;0,62
2026-07-17 14:00;7,12005;-74,6478;VIIRS-Suomi-NPP;67,6;26,1;8,3;Nominal;D;0,58;0,52
2026-07-17 14:00;7,12269;-74,64486;VIIRS-Suomi-NPP;68,3;24,6;6,3;Nominal;D;0,58;0,52
2026-07-17 14:00;7,11783;-74,64425;VIIRS-Suomi-NPP;68,8;26,2;5,8;Nominal;D;0,58;0,52
2026-07-17 14:00;5,79403;-75,08913;VIIRS-Suomi-NPP;57,2;22,8;5,1;Nominal;D;0,52;0,5
2026-07-17 14:00;7,13075;-74,00858;VIIRS-Suomi-NPP;60,9;25,5;2,9;Nominal;D;0,32;0,55
2026-07-17 14:00;7,12567;-74,00791;VIIRS-Suomi-NPP;68,7;25,0;2,9;Nominal;D;0,32;0,55
2026-07-17 14:00;7,08551;-74,11444;VIIRS-Suomi-NPP;64,0;26,6;6,2;Nominal;D;0,63;0,54
2026-07-17 14:00;7,0154;-74,56046;VIIRS-Suomi-NPP;64,4;27,5;24,2;Nominal;D;0,59;0,53
2026-07-17 14:00;7,01613;-74,55505;VIIRS-Suomi-NPP;65,1;24,0;19,4;Nominal;D;0,59;0,53
2026-07-17 14:00;6,97288;-74,83926;VIIRS-Suomi-NPP;66,9;25,8;29,3;Nominal;D;0,56;0,52
2026-07-17 14:00;7,01054;-74,55969;VIIRS-Suomi-NPP;64,6;26,4;5,9;Nominal;D;0,59;0,53
2026-07-17 14:00;7,08551;-74,1186;VIIRS-Suomi-NPP;65,2;25,8;8,0;Nominal;D;0,63;0,54
2026-07-17 14:00;7,01771;-74,55868;VIIRS-Suomi-NPP;60,0;23,0;4,8;Nominal;D;0,59;0,53
2026-07-17 14:00;7,08047;-74,11796;VIIRS-Suomi-NPP;68,7;26,7;8,0;Nominal;D;0,63;0,54
2026-07-17 14:00;6,97305;-74,83693;VIIRS-Suomi-NPP;79,4;25,7;12,4;Nominal;D;0,56;0,52
2026-07-17 14:00;7,01285;-74,55788;VIIRS-Suomi-NPP;78,8;29,4;39,8;Nominal;D;0,59;0,53
2026-07-17 14:00;6,96826;-74,8363;VIIRS-Suomi-NPP;60,3;26,3;12,4;Nominal;D;0,56;0,52
2026-07-17 14:00;6,92065;-75,10253;VIIRS-Suomi-NPP;59,6;22,7;4,6;Nominal;D;0,54;0,51
2026-07-17 14:00;6,77943;-75,47346;VIIRS-Suomi-NPP;65,1;22,7;7,3;Nominal;D;0,51;0,49
2026-07-17 14:00;6,77909;-75,47437;VIIRS-Suomi-NPP;67,4;24,7;7,4;Nominal;D;0,51;0,49
2026-07-17 14:00;6,8179;-74,69341;VIIRS-Suomi-NPP;62,6;24,1;9,2;Nominal;D;0,57;0,52
2026-07-17 14:00;6,79045;-74,85696;VIIRS-Suomi-NPP;72,5;26,2;25,2;Nominal;D;0,56;0,51
2026-07-17 14:00;6,75396;-75,05171;VIIRS-Suomi-NPP;57,6;26,7;4,2;Nominal;D;0,54;0,51
2026-07-17 14:00;6,86157;-74,11516;VIIRS-Suomi-NPP;63,1;25,2;5,5;Nominal;D;0,63;0,54
2026-07-17 14:00;6,85654;-74,11453;VIIRS-Suomi-NPP;67,4;25,6;6,8;Nominal;D;0,63;0,54
2026-07-17 14:00;6,86227;-74,11439;VIIRS-Suomi-NPP;58,1;25,1;7,1;Nominal;D;0,63;0,54
2026-07-17 14:00;6,85724;-74,11377;VIIRS-Suomi-NPP;70,7;26,2;7,1;Nominal;D;0,63;0,54
2026-07-17 14:00;6,85808;-73,81259;VIIRS-Suomi-NPP;93,9;23,9;7,9;Alta;D;0,33;0,55
2026-07-17 14:00;7,20363;-74,14167;VIIRS-Suomi-NPP;62,5;25,6;6,9;Nominal;D;0,63;0,54
2026-07-17 14:00;6,75663;-74,39861;VIIRS-Suomi-NPP;60,4;25,5;2,6;Nominal;D;0,6;0,53
2026-07-17 14:00;6,75741;-74,39294;VIIRS-Suomi-NPP;59,8;26,5;7,5;Nominal;D;0,6;0,53
2026-07-17 14:00;6,65101;-75,09104;VIIRS-Suomi-NPP;77,6;28,7;8,9;Nominal;D;0,54;0,51
2026-07-17 14:00;6,60947;-75,32255;VIIRS-Suomi-NPP;70,0;26,0;26,7;Nominal;D;0,52;0,5
2026-07-17 14:00;6,28575;-76,19691;VIIRS-Suomi-NPP;55,9;20,5;3,2;Nominal;D;0,45;0,47
2026-07-17 14:00;6,18304;-76,16562;VIIRS-Suomi-NPP;57,2;24,4;3,9;Nominal;D;0,45;0,47
2026-07-17 14:00;6,14349;-76,02901;VIIRS-Suomi-NPP;69,0;24,5;19,4;Nominal;D;0,46;0,47
2026-07-17 14:17;5,81186;-75,48695;VIIRS-NOAA-20;76,1;13,2;9,4;Nominal;D;0,67;0,73
2026-07-17 14:17;6,2137;-74,79412;VIIRS-NOAA-20;61,4;15,5;5,3;Nominal;D;0,75;0,77
2026-07-17 14:17;5,8124;-75,48284;VIIRS-NOAA-20;63,9;13,1;9,4;Nominal;D;0,67;0,73
2026-07-17 14:17;6,01711;-74,88609;VIIRS-NOAA-20;61,2;13,0;5,2;Nominal;D;0,73;0,76
2026-07-17 14:17;6,01927;-74,88412;VIIRS-NOAA-20;56,5;11,8;6,0;Nominal;D;0,73;0,76
2026-07-17 14:17;7,20925;-75,06499;VIIRS-NOAA-20;67,9;18,1;7,8;Nominal;D;0,74;0,76
2026-07-17 14:17;6,79398;-74,85503;VIIRS-NOAA-20;62,2;20,6;6,9;Nominal;D;0,76;0,77
2026-07-17 14:17;6,81518;-74,69167;VIIRS-NOAA-20;93,9;19,7;19,1;Alta;D;0,78;0,78
2026-07-17 14:17;6,21767;-74,79739;VIIRS-NOAA-20;66,2;15,3;9,3;Nominal;D;0,75;0,77
2026-07-17 14:17;6,22071;-74,79553;VIIRS-NOAA-20;58,5;14,6;5,7;Nominal;D;0,75;0,77
2026-07-17 14:19;7,75505;-74,85091;VIIRS-NOAA-20;62,7;18,1;6,4;Nominal;D;0,78;0,78
2026-07-17 14:19;1,4544;-77,28573;VIIRS-NOAA-20;93,9;28,6;19,6;Alta;D;0,43;0,62
2026-07-17 14:19;1,4536;-77,29103;VIIRS-NOAA-20;93,9;31,0;10,5;Alta;D;0,43;0,62
2026-07-17 14:19;1,45397;-77,28857;VIIRS-NOAA-20;81,8;33,3;19,6;Nominal;D;0,43;0,62
2026-07-17 14:19;1,45933;-77,29154;VIIRS-NOAA-20;78,3;29,0;10,5;Nominal;D;0,43;0,62
2026-07-17 14:19;1,459;-77,29371;VIIRS-NOAA-20;80,0;30,5;10,5;Nominal;D;0,43;0,62
2026-07-17 14:19;1,46474;-77,29418;VIIRS-NOAA-20;74,8;30,4;8,9;Nominal;D;0,43;0,62
2026-07-17 14:19;1,46428;-77,29718;VIIRS-NOAA-20;80,8;30,7;13,2;Nominal;D;0,43;0,62
2026-07-17 14:19;1,47051;-77,29447;VIIRS-NOAA-20;69,4;29,9;8,9;Nominal;D;0,43;0,62
2026-07-17 14:00;8,79708;-73,31771;VIIRS-Suomi-NPP;93,9;24,8;13,3;Alta;D;0,38;0,59
2026-07-17 14:00;8,7571;-73,32663;VIIRS-Suomi-NPP;61,3;21,4;4,6;Nominal;D;0,38;0,59
2026-07-17 14:00;8,68436;-73,83069;VIIRS-Suomi-NPP;58,1;30,6;2,4;Baja;D;0,35;0,57
2026-07-17 14:00;8,62801;-74,17214;VIIRS-Suomi-NPP;61,4;27,5;1,8;Nominal;D;0,33;0,55
2026-07-17 14:00;8,67115;-73,80933;VIIRS-Suomi-NPP;66,2;29,0;2,9;Nominal;D;0,35;0,57
2026-07-17 14:00;8,78202;-72,79197;VIIRS-Suomi-NPP;68,1;20,4;5,9;Nominal;D;0,41;0,61
2026-07-17 14:00;8,68425;-73,37701;VIIRS-Suomi-NPP;24,4;27,9;68,2;Baja;D;0,38;0,58
2026-07-17 14:00;8,6838;-73,38055;VIIRS-Suomi-NPP;73,6;20,7;20,8;Nominal;D;0,38;0,58
2026-07-17 14:00;8,68476;-73,37305;VIIRS-Suomi-NPP;93,9;22,0;68,2;Alta;D;0,38;0,58
2026-07-17 14:00;8,67858;-73,37829;VIIRS-Suomi-NPP;72,0;18,0;12,8;Nominal;D;0,38;0,58
2026-07-17 14:00;8,67965;-73,36996;VIIRS-Suomi-NPP;75,5;16,1;15,3;Nominal;D;0,38;0,58
2026-07-17 14:00;8,67911;-73,37418;VIIRS-Suomi-NPP;93,9;25,2;15,3;Alta;D;0,38;0,58
2026-07-17 14:00;8,68191;-73,37876;VIIRS-Suomi-NPP;73,6;26,7;72,7;Nominal;D;0,37;0,58
2026-07-17 14:00;8,68303;-73,37057;VIIRS-Suomi-NPP;80,8;19,2;148,9;Nominal;D;0,38;0,58
2026-07-17 14:00;8,68365;-73,36604;VIIRS-Suomi-NPP;62,7;15,1;9,5;Nominal;D;0,38;0,58
2026-07-17 14:00;8,60511;-73,62418;VIIRS-Suomi-NPP;60,9;28,0;4,3;Nominal;D;0,36;0,57
2026-07-17 14:00;8,60555;-73,62094;VIIRS-Suomi-NPP;93,9;29,6;8,6;Alta;D;0,36;0,57
2026-07-17 14:00;8,65215;-72,7049;VIIRS-Suomi-NPP;63,6;20,2;4,8;Nominal;D;0,42;0,61
2026-07-17 14:00;8,64997;-72,70338;VIIRS-Suomi-NPP;67,4;19,8;5,0;Nominal;D;0,41;0,61
2026-07-17 14:00;8,54286;-73,33511;VIIRS-Suomi-NPP;75,2;23,2;6,6;Nominal;D;0,38;0,58
2026-07-17 14:00;8,60926;-72,83676;VIIRS-Suomi-NPP;60,7;17,8;3,3;Nominal;D;0,41;0,6
2026-07-17 14:00;8,6036;-72,83643;VIIRS-Suomi-NPP;77,2;21,0;4,0;Nominal;D;0,41;0,6
2026-07-17 14:00;8,38936;-74,39564;VIIRS-Suomi-NPP;62,8;25,4;8,0;Nominal;D;0,63;0,54
2026-07-17 14:00;8,5022;-73,39268;VIIRS-Suomi-NPP;93,9;23,9;9,3;Alta;D;0,37;0,58
2026-07-17 14:00;8,40484;-74,08762;VIIRS-Suomi-NPP;67,9;28,6;3,3;Nominal;D;0,33;0,55
2026-07-17 14:00;8,34222;-74,51822;VIIRS-Suomi-NPP;69,1;25,3;11,0;Nominal;D;0,62;0,54
2026-07-17 14:00;8,48765;-73,37807;VIIRS-Suomi-NPP;62,1;24,6;2,2;Nominal;D;0,37;0,58
2026-07-17 14:00;8,39774;-74,02244;VIIRS-Suomi-NPP;66,7;29,9;3,3;Nominal;D;0,34;0,56
2026-07-17 14:00;8,31333;-74,01239;VIIRS-Suomi-NPP;81,0;30,4;3,9;Nominal;D;0,33;0,56
2026-07-17 14:00;8,31372;-74,00947;VIIRS-Suomi-NPP;58,7;29,2;3,9;Nominal;D;0,33;0,56
2026-07-17 14:00;8,3137;-72,48721;VIIRS-Suomi-NPP;68,5;19,1;6,2;Nominal;D;0,42;0,61
2026-07-17 14:00;8,06116;-74,22569;VIIRS-Suomi-NPP;57,4;23,8;2,5;Nominal;D;0,32;0,55
2026-07-17 14:00;8,09548;-73,76893;VIIRS-Suomi-NPP;57,2;26,5;2,7;Nominal;D;0,35;0,56
2026-07-17 14:00;8,259;-72,46014;VIIRS-Suomi-NPP;67,8;18,0;3,7;Nominal;D;0,43;0,62
2026-07-17 14:00;8,25327;-72,4594;VIIRS-Suomi-NPP;93,9;20,0;8,1;Alta;D;0,43;0,62
2026-07-17 14:00;8,25806;-72,45927;VIIRS-Suomi-NPP;93,9;19,3;12,2;Alta;D;0,43;0,62
2026-07-17 14:00;7,976;-74,22044;VIIRS-Suomi-NPP;65,2;21,4;3,1;Nominal;D;0,32;0,55
2026-07-17 14:00;8,18694;-72,5578;VIIRS-Suomi-NPP;70,8;18,1;6,1;Nominal;D;0,42;0,61
2026-07-17 14:00;8,00212;-73,83176;VIIRS-Suomi-NPP;62,7;26,6;2,4;Nominal;D;0,34;0,56
2026-07-17 14:00;8,00254;-73,82863;VIIRS-Suomi-NPP;59,9;26,0;3,2;Nominal;D;0,34;0,56
2026-07-17 14:00;7,93037;-74,17586;VIIRS-Suomi-NPP;74,0;26,4;3,9;Nominal;D;0,32;0,55
2026-07-17 14:00;7,92653;-74,17698;VIIRS-Suomi-NPP;69,7;27,2;4,5;Nominal;D;0,32;0,55
2026-07-17 14:00;7,7718;-74,63925;VIIRS-Suomi-NPP;66,4;23,1;4,6;Nominal;D;0,6;0,53
2026-07-17 14:00;8,032;-72,4853;VIIRS-Suomi-NPP;59,9;19,3;4,5;Nominal;D;0,42;0,61
2026-07-17 14:00;8,03241;-72,48203;VIIRS-Suomi-NPP;66,8;19,1;4,5;Nominal;D;0,42;0,61
2026-07-17 14:00;7,77044;-74,63738;VIIRS-Suomi-NPP;72,2;23,9;9,5;Nominal;D;0,6;0,53
2026-07-17 14:00;9,03905;-74,13021;VIIRS-Suomi-NPP;93,9;32,8;4,1;Alta;D;0,34;0,56
2026-07-17 14:00;9,03864;-74,13331;VIIRS-Suomi-NPP;62,5;30,5;4,1;Nominal;D;0,34;0,56
2026-07-17 14:00;9,01851;-74,28644;VIIRS-Suomi-NPP;61,8;31,2;1,2;Nominal;D;0,33;0,55
2026-07-17 14:00;9,16995;-73,38046;VIIRS-Suomi-NPP;65,7;22,2;3,6;Nominal;D;0,38;0,59
2026-07-17 14:00;9,16936;-73,38496;VIIRS-Suomi-NPP;59,3;21,2;3,6;Nominal;D;0,38;0,59
2026-07-17 14:00;9,11398;-73,88534;VIIRS-Suomi-NPP;60,3;31,2;4,4;Baja;D;0,35;0,57
2026-07-17 14:00;8,77916;-73,75608;VIIRS-Suomi-NPP;68,1;31,9;3,6;Nominal;D;0,35;0,57
2026-07-17 14:00;8,74783;-73,91255;VIIRS-Suomi-NPP;57,4;30,6;2,9;Baja;D;0,34;0,56
2026-07-17 14:00;8,79776;-73,3194;VIIRS-Suomi-NPP;82,2;23,2;11,3;Nominal;D;0,38;0,59
2026-07-17 14:00;8,79819;-73,31607;VIIRS-Suomi-NPP;71,0;21,5;11,3;Nominal;D;0,38;0,59
2026-07-17 14:00;8,75263;-73,40142;VIIRS-Suomi-NPP;63,1;21,7;5,1;Nominal;D;0,37;0,58
2026-07-17 14:00;9,22052;-73,46696;VIIRS-Suomi-NPP;93,9;29,9;4,4;Alta;D;0,38;0,58
2026-07-17 14:00;9,22019;-73,46951;VIIRS-Suomi-NPP;59,0;30,3;4,4;Nominal;D;0,38;0,58
2026-07-17 14:00;9,19889;-73,67739;VIIRS-Suomi-NPP;58,1;32,4;3,7;Baja;D;0,36;0,58
2026-07-17 14:00;9,11898;-74,48727;VIIRS-Suomi-NPP;65,9;30,7;1,9;Nominal;D;0,32;0,54
2026-07-17 14:00;7,51969;-74,79136;VIIRS-Suomi-NPP;68,0;25,1;9,8;Nominal;D;0,58;0,52
2026-07-17 14:00;9,27389;-73,64583;VIIRS-Suomi-NPP;62,3;33,2;3,3;Baja;D;0,37;0,58
2026-07-17 14:00;9,14947;-74,64043;VIIRS-Suomi-NPP;64,4;31,2;3,6;Nominal;D;0,62;0,54
2026-07-17 14:00;9,15448;-74,64107;VIIRS-Suomi-NPP;59,3;30,6;4,5;Baja;D;0,62;0,54
2026-07-17 14:00;9,15369;-74,6468;VIIRS-Suomi-NPP;63,4;31,5;4,5;Nominal;D;0,62;0,54
2026-07-17 14:00;9,14937;-74,6412;VIIRS-Suomi-NPP;65,9;31,4;5,9;Nominal;D;0,62;0,54
2026-07-17 14:00;9,15438;-74,64185;VIIRS-Suomi-NPP;67,5;30,9;5,9;Nominal;D;0,62;0,54
2026-07-17 14:00;9,20328;-74,30421;VIIRS-Suomi-NPP;62,9;33,9;2,0;Nominal;D;0,33;0,55
2026-07-17 14:00;9,29921;-73,64177;VIIRS-Suomi-NPP;69,6;31,4;3,9;Nominal;D;0,37;0,58
2026-07-17 14:00;9,31082;-73,63638;VIIRS-Suomi-NPP;93,9;36,4;10,4;Alta;D;0,37;0,58
2026-07-17 14:00;9,31039;-73,63976;VIIRS-Suomi-NPP;93,9;30,7;15,5;Alta;D;0,37;0,58
2026-07-17 14:00;9,31126;-73,633;VIIRS-Suomi-NPP;73,5;32,0;10,4;Nominal;D;0,37;0,58
2026-07-17 14:00;9,10608;-73,48956;VIIRS-Suomi-NPP;60,5;30,5;4,8;Nominal;D;0,37;0,58
2026-07-17 14:00;9,11188;-73,48727;VIIRS-Suomi-NPP;68,1;31,2;7,9;Nominal;D;0,37;0,58
2026-07-17 14:00;9,1115;-73,49022;VIIRS-Suomi-NPP;83,3;31,0;4,8;Nominal;D;0,37;0,58
2026-07-17 14:00;9,11112;-73,49315;VIIRS-Suomi-NPP;71,7;29,5;4,8;Nominal;D;0,37;0,58
2026-07-17 14:00;9,31664;-73,63368;VIIRS-Suomi-NPP;72,0;31,0;10,4;Nominal;D;0,37;0,58
2026-07-17 14:00;9,3162;-73,63704;VIIRS-Suomi-NPP;76,2;31,4;10,4;Nominal;D;0,37;0,58
2026-07-17 14:00;9,32245;-73,63096;VIIRS-Suomi-NPP;93,9;31,7;9,4;Alta;D;0,37;0,58
2026-07-17 14:00;9,32377;-73,6208;VIIRS-Suomi-NPP;77,8;32,4;5,5;Nominal;D;0,37;0,58
2026-07-17 14:00;9,32202;-73,63434;VIIRS-Suomi-NPP;64,4;30,4;5,7;Nominal;D;0,37;0,58
2026-07-17 14:00;9,35559;-73,54494;VIIRS-Suomi-NPP;63,7;29,7;6,6;Nominal;D;0,37;0,58
2026-07-17 14:00;9,35514;-73,54839;VIIRS-Suomi-NPP;65,2;30,1;2,9;Nominal;D;0,37;0,58
2026-07-17 14:00;9,35469;-73,5518;VIIRS-Suomi-NPP;59,8;31,2;2,9;Baja;D;0,37;0,58
2026-07-17 14:00;9,24694;-74,36828;VIIRS-Suomi-NPP;63,8;33,9;4,0;Baja;D;0,33;0,55
2026-07-17 14:00;9,24653;-74,37132;VIIRS-Suomi-NPP;82,7;35,7;5,8;Nominal;D;0,33;0,55
2026-07-17 14:00;9,36236;-73,53531;VIIRS-Suomi-NPP;68,7;31,5;6,7;Nominal;D;0,37;0,58
2026-07-17 14:00;9,36055;-73,54906;VIIRS-Suomi-NPP;61,4;30,9;2,9;Nominal;D;0,37;0,58
2026-07-17 14:00;9,34979;-73,63096;VIIRS-Suomi-NPP;61,7;35,3;4,6;Baja;D;0,37;0,58
2026-07-17 14:00;9,34629;-73,7401;VIIRS-Suomi-NPP;93,9;32,7;12,0;Alta;D;0,36;0,57
2026-07-17 14:00;9,3818;-73,51321;VIIRS-Suomi-NPP;60,5;31,1;4,9;Baja;D;0,37;0,58
2026-07-17 14:00;9,38134;-73,51666;VIIRS-Suomi-NPP;81,0;31,1;7,5;Nominal;D;0,37;0,58
2026-07-17 14:00;9,38768;-73,51046;VIIRS-Suomi-NPP;66,4;30,1;4,9;Nominal;D;0,37;0,58
2026-07-17 14:00;9,36053;-73,75546;VIIRS-Suomi-NPP;93,9;32,2;12,5;Alta;D;0,36;0,57
2026-07-17 14:00;9,3734;-73,78075;VIIRS-Suomi-NPP;93,9;31,4;8,6;Alta;D;0,36;0,57
2026-07-17 14:00;9,37385;-73,77742;VIIRS-Suomi-NPP;61,9;28,9;8,6;Nominal;D;0,36;0,57
2026-07-17 14:00;9,35828;-73,89275;VIIRS-Suomi-NPP;62,0;30,7;4,5;Nominal;D;0,35;0,57
2026-07-17 14:00;9,38864;-73,51257;VIIRS-Suomi-NPP;71,1;30,6;4,6;Nominal;D;0,37;0,58
2026-07-17 14:00;9,35919;-73,7473;VIIRS-Suomi-NPP;62,2;25,6;2,1;Nominal;D;0,36;0,57
2026-07-17 14:00;9,35834;-73,75401;VIIRS-Suomi-NPP;63,3;28,5;5,5;Nominal;D;0,36;0,57
2026-07-17 14:00;9,35793;-73,75734;VIIRS-Suomi-NPP;59,2;28,5;4,2;Nominal;D;0,36;0,57
2026-07-17 14:00;9,36326;-73,75802;VIIRS-Suomi-NPP;93,9;30,7;4,2;Alta;D;0,36;0,57
2026-07-17 14:00;9,36368;-73,7547;VIIRS-Suomi-NPP;66,0;29,6;5,5;Nominal;D;0,36;0,57
2026-07-17 14:00;9,36102;-73,81855;VIIRS-Suomi-NPP;59,8;31,5;2,3;Baja;D;0,36;0,57
2026-07-17 14:00;9,37139;-73,77937;VIIRS-Suomi-NPP;93,9;30,9;6,7;Alta;D;0,36;0,57
2026-07-17 14:00;9,37097;-73,78271;VIIRS-Suomi-NPP;76,9;28,7;6,7;Nominal;D;0,36;0,57
2026-07-17 14:00;9,37673;-73,78004;VIIRS-Suomi-NPP;59,2;28,1;2,6;Nominal;D;0,36;0,57
2026-07-17 14:00;9,3624;-73,89235;VIIRS-Suomi-NPP;59,7;30,9;1,9;Baja;D;0,35;0,57
2026-07-17 14:00;9,36198;-73,89563;VIIRS-Suomi-NPP;60,1;31,7;1,9;Baja;D;0,35;0,57
2026-07-17 14:00;9,40173;-73,71188;VIIRS-Suomi-NPP;77,7;28,3;4,4;Nominal;D;0,36;0,58
2026-07-17 14:00;9,37244;-74,02209;VIIRS-Suomi-NPP;63,9;30,3;3,1;Nominal;D;0,35;0,56
2026-07-17 14:00;9,26106;-75,09509;VIIRS-Suomi-NPP;62,7;28,6;4,0;Nominal;D;0,58;0,52
2026-07-17 14:00;9,3684;-74,79116;VIIRS-Suomi-NPP;58,2;30,0;2,9;Baja;D;0,61;0,54
2026-07-17 14:00;9,59229;-73,13981;VIIRS-Suomi-NPP;67,2;22,6;7,2;Nominal;D;0,4;0,6
2026-07-17 14:00;9,53551;-73,795;VIIRS-Suomi-NPP;59,2;31,9;5,7;Baja;D;0,36;0,57
2026-07-17 14:00;9,49534;-74,10104;VIIRS-Suomi-NPP;66,2;36,4;2,8;Baja;D;0,34;0,56
2026-07-17 14:00;9,66174;-73,15907;VIIRS-Suomi-NPP;60,7;26,4;2,9;Nominal;D;0,4;0,6
2026-07-17 14:00;9,56644;-74,00203;VIIRS-Suomi-NPP;62,8;32,0;1,3;Nominal;D;0,35;0,57
2026-07-17 14:00;9,46975;-74,83018;VIIRS-Suomi-NPP;68,4;28,7;4,7;Nominal;D;0,61;0,54
2026-07-17 14:00;9,55834;-74,5075;VIIRS-Suomi-NPP;64,5;31,6;3,8;Nominal;D;0,32;0,55
2026-07-17 14:00;9,56342;-74,50816;VIIRS-Suomi-NPP;81,5;31,3;3,8;Nominal;D;0,32;0,55
2026-07-17 14:00;9,74733;-73,32666;VIIRS-Suomi-NPP;61,3;28,0;2,4;Nominal;D;0,39;0,59
2026-07-17 14:00;9,74721;-73,32742;VIIRS-Suomi-NPP;61,6;27,8;1,8;Nominal;D;0,39;0,59
2026-07-17 14:00;9,75672;-73,47364;VIIRS-Suomi-NPP;63,6;30,4;3,0;Nominal;D;0,38;0,59
2026-07-17 14:00;9,76219;-73,47433;VIIRS-Suomi-NPP;68,8;32,2;3,0;Nominal;D;0,38;0,59
2026-07-17 14:00;9,74702;-73,59332;VIIRS-Suomi-NPP;80,3;30,2;5,4;Nominal;D;0,37;0,58
2026-07-17 14:00;9,60883;-74,74033;VIIRS-Suomi-NPP;58,2;28,6;9,8;Baja;D;0,62;0,54
2026-07-17 14:00;9,85426;-73,10744;VIIRS-Suomi-NPP;80,1;20,6;8,3;Nominal;D;0,41;0,6
2026-07-17 14:00;9,63273;-74,79005;VIIRS-Suomi-NPP;63,5;27,2;7,6;Nominal;D;0,62;0,54
2026-07-17 14:00;9,55988;-75,36671;VIIRS-Suomi-NPP;60,5;28,3;3,8;Nominal;D;0,56;0,52
2026-07-17 14:00;9,73179;-74,12566;VIIRS-Suomi-NPP;76,2;32,1;4,3;Nominal;D;0,34;0,56
2026-07-17 14:00;9,65042;-74,73409;VIIRS-Suomi-NPP;63,6;28,9;4,0;Nominal;D;0,62;0,54
2026-07-17 14:00;9,8191;-73,50652;VIIRS-Suomi-NPP;59,1;28,4;4,0;Nominal;D;0,38;0,59
2026-07-17 14:00;9,81864;-73,51005;VIIRS-Suomi-NPP;72,9;29,6;4,0;Nominal;D;0,38;0,59
2026-07-17 14:00;9,81817;-73,51359;VIIRS-Suomi-NPP;62,6;28,2;3,2;Nominal;D;0,38;0,59
2026-07-17 14:00;9,83782;-73,49094;VIIRS-Suomi-NPP;93,9;32,9;15,0;Alta;D;0,38;0,59
2026-07-17 14:00;9,83735;-73,49447;VIIRS-Suomi-NPP;93,9;29,7;9,8;Alta;D;0,38;0,59
2026-07-17 14:00;9,66534;-74,81165;VIIRS-Suomi-NPP;71,7;31,5;20,1;Nominal;D;0,62;0,54
2026-07-17 14:00;9,67815;-74,7551;VIIRS-Suomi-NPP;79,0;28,4;13,1;Nominal;D;0,62;0,54
2026-07-17 14:00;9,64967;-74,7354;VIIRS-Suomi-NPP;58,3;29,0;7,9;Baja;D;0,62;0,54
2026-07-17 14:00;9,65395;-74,7418;VIIRS-Suomi-NPP;57,4;28,8;1,8;Baja;D;0,62;0,54
2026-07-17 14:00;9,81335;-73,51314;VIIRS-Suomi-NPP;64,7;28,6;4,4;Nominal;D;0,38;0,59
2026-07-17 14:00;9,81969;-73,50671;VIIRS-Suomi-NPP;57,2;28,6;4,9;Baja;D;0,38;0,59
2026-07-17 14:00;9,81925;-73,51024;VIIRS-Suomi-NPP;70,1;29,5;4,9;Nominal;D;0,38;0,59
2026-07-17 14:00;9,6675;-74,75528;VIIRS-Suomi-NPP;59,6;29,8;4,9;Baja;D;0,62;0,54
2026-07-17 14:00;9,66514;-74,81319;VIIRS-Suomi-NPP;82,8;29,6;24,4;Nominal;D;0,62;0,54
2026-07-17 14:00;9,83828;-73,49113;VIIRS-Suomi-NPP;93,9;32,6;17,3;Alta;D;0,38;0,59
2026-07-17 14:00;9,83784;-73,49468;VIIRS-Suomi-NPP;93,9;29,9;10,8;Alta;D;0,38;0,59
2026-07-17 14:00;9,67752;-74,75658;VIIRS-Suomi-NPP;69,5;29,5;10,7;Nominal;D;0,62;0,54
2026-07-17 14:00;9,67881;-74,78593;VIIRS-Suomi-NPP;59,3;26,5;3,6;Nominal;D;0,62;0,54
2026-07-17 14:00;9,81834;-73,78008;VIIRS-Suomi-NPP;74,5;33,3;4,9;Nominal;D;0,36;0,58
2026-07-17 14:00;9,76555;-74,31594;VIIRS-Suomi-NPP;67,4;32,8;1,6;Nominal;D;0,33;0,56
2026-07-17 14:00;9,71181;-74,76687;VIIRS-Suomi-NPP;71,1;29,5;29,8;Nominal;D;0,62;0,54
2026-07-17 14:00;9,64367;-75,42831;VIIRS-Suomi-NPP;65,5;30,9;4,2;Nominal;D;0,56;0,51
2026-07-17 14:00;9,75369;-74,79791;VIIRS-Suomi-NPP;58,7;27,9;4,4;Nominal;D;0,62;0,54
2026-07-17 14:00;9,86233;-74,43359;VIIRS-Suomi-NPP;59,0;33,0;1,2;Baja;D;0,33;0,55
2026-07-17 14:00;9,78949;-75,02747;VIIRS-Suomi-NPP;58,3;28,9;12,0;Baja;D;0,6;0,53
2026-07-17 14:00;9,78871;-75,0334;VIIRS-Suomi-NPP;67,6;29,6;12,6;Nominal;D;0,6;0,53
2026-07-17 14:00;9,86311;-74,54673;VIIRS-Suomi-NPP;62,1;35,9;3,2;Baja;D;0,32;0,55
2026-07-17 14:00;9,90744;-74,28926;VIIRS-Suomi-NPP;69,5;32,3;2,2;Nominal;D;0,34;0,56
2026-07-17 14:00;9,93181;-74,59751;VIIRS-Suomi-NPP;62,7;33,1;1,4;Baja;D;0,32;0,55
2026-07-17 14:00;9,93142;-74,6005;VIIRS-Suomi-NPP;60,0;32,6;1,4;Baja;D;0,32;0,55
2026-07-17 14:00;9,96695;-74,60522;VIIRS-Suomi-NPP;60,0;33,2;1,5;Baja;D;0,32;0,55
2026-07-17 14:00;7,51828;-74,78909;VIIRS-Suomi-NPP;93,9;27,2;17,3;Alta;D;0,58;0,52
2026-07-17 14:00;7,55091;-73,08854;VIIRS-Suomi-NPP;65,9;21,8;3,6;Nominal;D;0,38;0,59
2026-07-17 14:00;7,55183;-73,0888;VIIRS-Suomi-NPP;64,3;21,9;3,7;Nominal;D;0,38;0,59
2026-07-17 14:00;7,4429;-74,02518;VIIRS-Suomi-NPP;66,1;25,0;3,0;Nominal;D;0,32;0,55
2026-07-17 14:00;7,45095;-74,44884;VIIRS-Suomi-NPP;68,5;23,8;7,2;Nominal;D;0,61;0,53
2026-07-17 14:00;7,45179;-74,45141;VIIRS-Suomi-NPP;65,4;23,2;5,2;Nominal;D;0,61;0,53
2026-07-17 14:00;7,60742;-73,75374;VIIRS-Suomi-NPP;74,0;26,5;2,7;Nominal;D;0,34;0,56
2026-07-17 14:00;7,607;-73,75686;VIIRS-Suomi-NPP;60,0;25,3;2,7;Nominal;D;0,34;0,56
2026-07-17 14:00;7,59853;-73,93475;VIIRS-Suomi-NPP;65,5;28,8;1,7;Nominal;D;0,33;0,55
2026-07-17 14:00;7,51485;-74,79072;VIIRS-Suomi-NPP;67,8;27,6;9,2;Nominal;D;0,58;0,52
2026-07-17 14:00;10,12527;-74,21152;VIIRS-Suomi-NPP;60,5;28,0;2,3;Nominal;D;0,34;0,56
2026-07-17 14:00;10,27178;-73,1178;VIIRS-Suomi-NPP;62,1;27,7;4,3;Nominal;D;0,41;0,61
2026-07-17 14:00;10,12749;-74,35582;VIIRS-Suomi-NPP;57,0;29,6;2,2;Baja;D;0,34;0,56
2026-07-17 14:00;10,05619;-75,00478;VIIRS-Suomi-NPP;57,8;30,1;2,9;Baja;D;0,61;0,53
2026-07-17 14:00;10,06113;-75,00546;VIIRS-Suomi-NPP;57,6;29,6;2,9;Baja;D;0,61;0,53
2026-07-17 14:00;10,05693;-75,00631;VIIRS-Suomi-NPP;60,2;29,7;5,2;Nominal;D;0,61;0,53
2026-07-17 14:00;10,29193;-74,2835;VIIRS-Suomi-NPP;62,5;25,9;3,2;Nominal;D;0,34;0,56
2026-07-17 14:00;10,20884;-74,97;VIIRS-Suomi-NPP;65,2;27,9;5,2;Nominal;D;0,61;0,54
2026-07-17 14:00;10,28124;-74,49006;VIIRS-Suomi-NPP;69,5;27,5;2,4;Nominal;D;0,33;0,55
2026-07-17 14:00;10,38184;-74,04247;VIIRS-Suomi-NPP;69,6;25,3;3,3;Nominal;D;0,36;0,57
2026-07-17 14:00;10,39926;-74,7185;VIIRS-Suomi-NPP;65,5;28,0;1,6;Nominal;D;0,32;0,55
2026-07-17 14:00;10,37634;-75,32362;VIIRS-Suomi-NPP;62,7;28,6;7,0;Nominal;D;0,58;0,52
2026-07-17 14:00;10,66449;-73,23454;VIIRS-Suomi-NPP;59,3;29,2;2,9;Nominal;D;0,41;0,6
2026-07-17 14:00;10,4109;-75,39828;VIIRS-Suomi-NPP;59,9;25,6;1,7;Nominal;D;0,58;0,52
2026-07-17 14:00;10,48927;-74,83798;VIIRS-Suomi-NPP;59,1;30,7;3,7;Baja;D;0,63;0,54
2026-07-17 14:00;10,49532;-75,34194;VIIRS-Suomi-NPP;67,6;25,8;3,4;Nominal;D;0,58;0,52
2026-07-17 14:00;10,66172;-74,2206;VIIRS-Suomi-NPP;60,2;25,4;2,4;Nominal;D;0,35;0,57
2026-07-17 14:00;10,97527;-72,72425;VIIRS-Suomi-NPP;59,1;27,5;5,9;Nominal;D;0,44;0,63
2026-07-17 14:00;10,87137;-73,58871;VIIRS-Suomi-NPP;67,2;32,9;8,1;Nominal;D;0,39;0,59
2026-07-17 14:00;10,97418;-72,72479;VIIRS-Suomi-NPP;60,3;27,7;4,7;Nominal;D;0,45;0,63
2026-07-17 14:00;10,8715;-73,58678;VIIRS-Suomi-NPP;74,1;32,8;8,1;Nominal;D;0,39;0,59
2026-07-17 14:00;11,03372;-73,05487;VIIRS-Suomi-NPP;64,3;25,8;4,8;Nominal;D;0,42;0,61
2026-07-17 14:00;11,03571;-73,0545;VIIRS-Suomi-NPP;70,7;26,1;4,8;Nominal;D;0,42;0,61
2026-07-17 14:00;10,93004;-74,70085;VIIRS-Suomi-NPP;59,7;25,4;2,8;Nominal;D;0,33;0,55
2026-07-17 14:00;7,85761;-73,75566;VIIRS-Suomi-NPP;70,6;24,9;3,0;Nominal;D;0,34;0,56
2026-07-17 14:00;8,03095;-72,48251;VIIRS-Suomi-NPP;81,2;20,5;11,0;Nominal;D;0,42;0,61
2026-07-17 14:00;8,03139;-72,47919;VIIRS-Suomi-NPP;68,1;19,5;8,6;Nominal;D;0,42;0,61
2026-07-17 14:00;8,02562;-72,47902;VIIRS-Suomi-NPP;59,7;21,0;4,6;Nominal;D;0,42;0,61
2026-07-17 14:00;7,63386;-74,72558;VIIRS-Suomi-NPP;81,8;27,0;28,0;Nominal;D;0,59;0,53
2026-07-17 14:00;7,6361;-74,72331;VIIRS-Suomi-NPP;67,3;24,8;11,6;Nominal;D;0,59;0,52
2026-07-17 14:00;7,63126;-74,72248;VIIRS-Suomi-NPP;68,4;28,1;22,9;Nominal;D;0,59;0,52
2026-07-17 14:00;7,60167;-74,75689;VIIRS-Suomi-NPP;74,9;27,0;20,7;Nominal;D;0,58;0,52
2026-07-17 14:00;7,59806;-74,63948;VIIRS-Suomi-NPP;66,7;24,5;12,0;Nominal;D;0,59;0,53
2026-07-17 14:00;7,59874;-74,63451;VIIRS-Suomi-NPP;64,6;23,8;12,0;Nominal;D;0,59;0,53
2026-07-17 14:00;7,57445;-74,66644;VIIRS-Suomi-NPP;68,5;26,5;13,6;Nominal;D;0,59;0,53
2026-07-17 14:00;8,97851;-74,55062;VIIRS-Suomi-NPP;69,5;29,1;13,6;Nominal;D;0,63;0,54
2026-07-17 14:00;9,10569;-73,49257;VIIRS-Suomi-NPP;93,9;31,0;4,8;Alta;D;0,37;0,58
2026-07-17 14:00;9,04673;-73,86676;VIIRS-Suomi-NPP;70,4;31,5;5,0;Nominal;D;0,35;0,57
2026-07-17 14:00;8,96516;-74,37716;VIIRS-Suomi-NPP;59,0;29,0;1,3;Nominal;D;0,32;0,55
2026-07-17 14:00;8,94733;-74,47542;VIIRS-Suomi-NPP;69,6;29,5;7,8;Nominal;D;0,64;0,54
2026-07-17 14:00;8,94853;-74,47363;VIIRS-Suomi-NPP;61,8;29,2;6,8;Nominal;D;0,64;0,54
2026-07-17 14:00;9,01507;-73,9851;VIIRS-Suomi-NPP;57,2;31,7;2,0;Baja;D;0,34;0,56
2026-07-17 14:00;8,93381;-74,39231;VIIRS-Suomi-NPP;66,0;29,7;3,3;Nominal;D;0,32;0,55
2026-07-17 14:00;8,93421;-74,38934;VIIRS-Suomi-NPP;58,2;28,6;3,2;Baja;D;0,32;0,55
2026-07-17 14:00;8,9871;-73,95567;VIIRS-Suomi-NPP;75,4;31,8;2,9;Nominal;D;0,34;0,56
2026-07-17 14:00;8,92833;-74,23907;VIIRS-Suomi-NPP;64,3;29,5;1,9;Nominal;D;0,33;0,55
2026-07-17 14:00;8,97289;-73,90186;VIIRS-Suomi-NPP;56,9;31,9;4,3;Baja;D;0,35;0,57
2026-07-17 14:00;8,90459;-74,3005;VIIRS-Suomi-NPP;67,0;28,4;2,6;Nominal;D;0,33;0,55
2026-07-17 14:00;8,94299;-74,00802;VIIRS-Suomi-NPP;81,4;33,5;17,3;Nominal;D;0,34;0,56
2026-07-17 14:00;8,9434;-74,00487;VIIRS-Suomi-NPP;93,9;34,6;23,1;Alta;D;0,34;0,56
2026-07-17 14:00;8,92816;-73,99967;VIIRS-Suomi-NPP;63,3;32,0;1,7;Nominal;D;0,34;0,56
2026-07-17 14:00;8,85156;-74,50839;VIIRS-Suomi-NPP;68,6;29,1;8,6;Nominal;D;0,63;0,54
2026-07-17 14:00;8,89601;-74,12576;VIIRS-Suomi-NPP;69,0;29,8;3,0;Nominal;D;0,34;0,56
2026-07-17 14:00;8,85216;-74,51155;VIIRS-Suomi-NPP;74,7;30,5;18,3;Nominal;D;0,63;0,54
2026-07-17 14:00;8,92209;-73,88654;VIIRS-Suomi-NPP;59,6;31,5;2,1;Baja;D;0,35;0,57
2026-07-17 14:00;8,89325;-73,90233;VIIRS-Suomi-NPP;64,0;30,9;1,2;Nominal;D;0,35;0,56
2026-07-17 14:00;8,87949;-73,96539;VIIRS-Suomi-NPP;70,0;34,5;2,8;Nominal;D;0,34;0,56
2026-07-17 14:00;8,87595;-73,95206;VIIRS-Suomi-NPP;76,6;32,2;6,1;Nominal;D;0,34;0,56
2026-07-17 14:00;8,88232;-73,90421;VIIRS-Suomi-NPP;73,0;33,0;2,5;Nominal;D;0,35;0,56
2026-07-17 14:00;8,87637;-73,9489;VIIRS-Suomi-NPP;93,9;34,6;10,5;Alta;D;0,34;0,56
2026-07-17 14:00;8,87113;-73,94833;VIIRS-Suomi-NPP;66,1;33,1;2,1;Nominal;D;0,34;0,56
2026-07-17 14:00;8,79048;-74,398;VIIRS-Suomi-NPP;73,8;31,4;3,7;Nominal;D;0,32;0,55
2026-07-17 14:00;8,83852;-73,95365;VIIRS-Suomi-NPP;93,9;32,6;8,6;Alta;D;0,34;0,56
2026-07-17 14:00;8,80644;-74,15858;VIIRS-Suomi-NPP;58,9;27,6;1,2;Nominal;D;0,33;0,55
2026-07-17 14:00;8,83371;-73,94983;VIIRS-Suomi-NPP;73,8;32,9;9,1;Nominal;D;0,34;0,56
2026-07-17 14:00;8,83412;-73,94668;VIIRS-Suomi-NPP;79,4;33,2;9,1;Nominal;D;0,34;0,56
2026-07-17 14:00;8,83453;-73,94349;VIIRS-Suomi-NPP;93,9;35,2;12,6;Alta;D;0,34;0,56
2026-07-17 14:00;8,82847;-73,94921;VIIRS-Suomi-NPP;81,3;32,8;7,2;Nominal;D;0,34;0,56
2026-07-17 14:00;8,82929;-73,94289;VIIRS-Suomi-NPP;64,6;31,4;6,7;Nominal;D;0,34;0,56
2026-07-17 14:00;8,82888;-73,94608;VIIRS-Suomi-NPP;93,9;33,1;7,2;Alta;D;0,34;0,56
2026-07-17 14:00;8,82917;-73,86145;VIIRS-Suomi-NPP;78,7;33,9;4,5;Nominal;D;0,35;0,57
2026-07-17 14:00;8,82959;-73,85825;VIIRS-Suomi-NPP;68,9;34,2;6,8;Nominal;D;0,35;0,57
2026-07-17 14:00;8,84254;-73,75771;VIIRS-Suomi-NPP;58,5;31,9;2,3;Baja;D;0,35;0,57
2026-07-17 14:00;8,93508;-72,98818;VIIRS-Suomi-NPP;65,4;21,0;4,1;Nominal;D;0,4;0,6
2026-07-17 14:00;8,82942;-73,86121;VIIRS-Suomi-NPP;74,6;33,7;3,3;Nominal;D;0,35;0,57
2026-07-17 14:00;8,82986;-73,85802;VIIRS-Suomi-NPP;69,7;34,4;6,6;Nominal;D;0,35;0,57
2026-07-17 14:00;8,84356;-73,75771;VIIRS-Suomi-NPP;58,7;31,9;1,3;Baja;D;0,35;0,57
2026-07-17 14:00;8,84974;-73,51107;VIIRS-Suomi-NPP;66,3;28,9;4,3;Nominal;D;0,37;0,58
2026-07-17 14:00;8,7294;-74,3259;VIIRS-Suomi-NPP;83,1;28,2;6,4;Nominal;D;0,32;0,55
2026-07-17 14:00;8,72431;-74,32526;VIIRS-Suomi-NPP;93,9;31,7;10,8;Alta;D;0,32;0,55
2026-07-17 14:00;8,77873;-73,75932;VIIRS-Suomi-NPP;69,8;31,7;3,6;Nominal;D;0,35;0,57
2026-07-17 15:06;9,79019;-73,80172;MODIS-Aqua;76,7;36,2;69,1;94 %;D;1,35;1,15
2026-07-17 15:06;9,73996;-73,59531;MODIS-Aqua;50,0;32,6;12,7;67 %;D;1,31;1,14
2026-07-17 15:06;9,77103;-73,33379;MODIS-Aqua;51,3;33,4;11,7;69 %;D;1,26;1,12
2026-07-17 15:06;9,57117;-74,5206;MODIS-Aqua;67,8;37,0;53,3;88 %;D;1,53;1,22
2026-07-17 15:06;9,56055;-74,51885;MODIS-Aqua;53,0;36,3;15,0;61 %;D;1,53;1,22
2026-07-17 15:06;9,56274;-74,50546;MODIS-Aqua;68,2;36,5;54,3;88 %;D;1,53;1,22
2026-07-17 15:06;9,55213;-74,50372;MODIS-Aqua;57,9;37,0;25,3;71 %;D;1,53;1,22
2026-07-17 15:06;9,55017;-73,7562;MODIS-Aqua;51,1;34,5;12,5;57 %;D;1,35;1,15
2026-07-17 15:06;9,53264;-73,80222;MODIS-Aqua;57,8;36,8;22,8;80 %;D;1,36;1,16
2026-07-17 15:06;9,58481;-73,15234;MODIS-Aqua;55,9;27,8;29,5;77 %;D;1,24;1,11
2026-07-17 15:06;9,312;-73,63916;MODIS-Aqua;67,7;36,2;43,7;83 %;D;1,34;1,15
2026-07-17 15:06;9,31275;-73,63285;MODIS-Aqua;60,5;35,7;27,2;77 %;D;1,34;1,15
2026-07-17 15:06;9,32462;-73,62276;MODIS-Aqua;53,9;36,2;11,7;29 %;D;1,34;1,15
2026-07-17 15:06;9,32274;-73,63448;MODIS-Aqua;57,5;36,8;20,1;64 %;D;1,34;1,15
2026-07-17 15:06;9,3828;-73,51305;MODIS-Aqua;50,9;34,7;11,7;72 %;D;1,31;1,14
2026-07-17 15:06;9,35411;-73,76101;MODIS-Aqua;57,0;36,4;20,8;74 %;D;1,36;1,16
2026-07-17 15:06;9,40353;-73,57576;MODIS-Aqua;52,9;33,4;15,4;75 %;D;1,32;1,14
2026-07-17 15:06;9,3724;-73,77628;MODIS-Aqua;53,2;34,8;15,8;76 %;D;1,37;1,16
2026-07-17 15:06;9,37053;-73,78825;MODIS-Aqua;66,8;35,0;46,6;88 %;D;1,37;1,16
2026-07-17 15:06;9,5866;-73,14108;MODIS-Aqua;77,4;27,7;79,5;95 %;D;1,24;1,11
2026-07-17 15:06;4,25363;-70,15297;MODIS-Aqua;40,2;22,8;6,2;69 %;D;1,03;1,01
2026-07-17 15:06;4,79288;-68,11814;MODIS-Aqua;44,2;21,6;12,0;72 %;D;1,04;1,02
2026-07-17 15:06;4,56395;-71,04321;MODIS-Aqua;44,0;23,1;10,0;74 %;D;1,1;1,05
2026-07-17 15:06;4,90579;-69,10382;MODIS-Aqua;43,9;24,2;9,0;69 %;D;1,0;1,0
2026-07-17 15:06;4,6324;-71,26832;MODIS-Aqua;38,9;20,5;6,7;30 %;D;1,13;1,06
2026-07-17 15:06;4,6431;-71,25993;MODIS-Aqua;54,8;22,0;24,5;84 %;D;1,12;1,06
2026-07-17 15:06;4,64163;-71,26971;MODIS-Aqua;44,2;22,5;11,4;74 %;D;1,13;1,06
2026-07-17 15:06;4,69161;-72,03313;MODIS-Aqua;66,2;18,6;51,7;90 %;D;1,24;1,1
2026-07-17 15:06;4,68997;-72,04387;MODIS-Aqua;46,7;18,2;18,2;76 %;D;1,24;1,11
2026-07-17 15:06;5,2362;-68,94526;MODIS-Aqua;44,3;23,3;9,5;72 %;D;1,0;1,0
2026-07-17 15:06;4,99382;-70,89044;MODIS-Aqua;39,7;18,5;6,4;64 %;D;1,08;1,04
2026-07-17 15:06;5,23651;-70,07571;MODIS-Aqua;43,5;25,0;8,1;59 %;D;1,02;1,01
2026-07-17 15:06;5,38813;-70,10493;MODIS-Aqua;41,3;24,6;6,8;64 %;D;1,02;1,01
2026-07-17 15:06;5,38683;-70,11378;MODIS-Aqua;47,9;24,7;12,8;75 %;D;1,02;1,01
2026-07-17 15:06;5,55645;-69,52592;MODIS-Aqua;41,7;24,2;5,9;63 %;D;1,0;1,0
2026-07-17 15:06;5,51001;-70,22633;MODIS-Aqua;43,2;24,9;7,8;67 %;D;1,02;1,01
2026-07-17 15:06;5,51882;-70,22765;MODIS-Aqua;52,2;25,4;16,7;79 %;D;1,02;1,01
2026-07-17 15:06;5,49211;-70,71255;MODIS-Aqua;37,5;20,6;4,2;48 %;D;1,05;1,02
2026-07-17 15:06;5,73509;-69,95604;MODIS-Aqua;44,0;24,4;9,3;56 %;D;1,01;1,0
2026-07-17 15:06;5,73379;-69,96484;MODIS-Aqua;42,2;24,4;7,4;54 %;D;1,01;1,0
2026-07-17 15:06;5,80432;-69,60848;MODIS-Aqua;52,7;25,5;16,9;79 %;D;1,0;1,0
2026-07-17 15:06;5,75652;-69,93231;MODIS-Aqua;44,1;25,0;8,7;68 %;D;1,01;1,0
2026-07-17 15:06;6,20682;-67,53172;MODIS-Aqua;50,4;23,9;17,1;77 %;D;1,12;1,05
2026-07-17 15:06;6,20873;-67,84292;MODIS-Aqua;52,1;24,6;16,8;79 %;D;1,08;1,04
2026-07-17 15:06;5,6213;-72,38828;MODIS-Aqua;42,9;23,6;14,4;74 %;D;1,26;1,12
2026-07-17 15:06;5,62265;-72,39464;MODIS-Aqua;40,4;23,1;12,0;70 %;D;1,26;1,12
2026-07-17 15:06;5,41918;-74,70325;MODIS-Aqua;53,4;25,8;36,8;79 %;D;1,87;1,34
2026-07-17 15:06;6,18734;-70,26179;MODIS-Aqua;47,4;20,2;13,1;75 %;D;1,02;1,01
2026-07-17 15:06;6,19614;-70,26311;MODIS-Aqua;44,5;19,5;10,3;67 %;D;1,02;1,01
2026-07-17 15:06;6,30007;-71,12341;MODIS-Aqua;38,4;23,9;5,0;60 %;D;1,07;1,03
2026-07-17 15:06;5,81011;-75,49358;MODIS-Aqua;38,9;19,0;22,6;59 %;D;2,13;1,42
2026-07-17 15:06;6,24746;-73,25885;MODIS-Aqua;36,3;20,3;8,6;62 %;D;1,41;1,18
2026-07-17 15:06;6,29912;-74,24014;MODIS-Aqua;45,8;23,8;20,0;74 %;D;1,66;1,27
2026-07-17 15:06;6,29686;-74,25444;MODIS-Aqua;41,6;24,1;11,7;68 %;D;1,66;1,27
2026-07-17 15:06;6,61787;-74,93095;MODIS-Aqua;43,1;24,4;23,4;69 %;D;1,86;1,33
2026-07-17 15:06;7,11189;-74,64933;MODIS-Aqua;42,7;25,6;17,8;69 %;D;1,73;1,29
2026-07-17 15:06;7,11081;-74,6545;MODIS-Aqua;39,3;25,7;10,6;61 %;D;1,73;1,29
2026-07-17 15:06;7,29393;-74,80714;MODIS-Aqua;46,5;28,0;24,6;74 %;D;1,76;1,3
2026-07-17 15:06;7,79291;-72,71458;MODIS-Aqua;41,2;21,3;8,4;35 %;D;1,23;1,1
2026-07-17 15:06;7,46691;-74,88007;MODIS-Aqua;41,8;28,4;11,6;64 %;D;1,77;1,3
2026-07-17 15:06;7,52605;-74,87429;MODIS-Aqua;42,7;28,2;13,9;68 %;D;1,77;1,3
2026-07-17 15:06;7,52362;-74,88967;MODIS-Aqua;52,2;28,6;35,0;80 %;D;1,77;1,3
2026-07-17 15:06;7,70922;-73,82268;MODIS-Aqua;47,0;27,8;15,3;0 %;D;1,46;1,19
2026-07-17 15:06;7,63068;-74,72714;MODIS-Aqua;61,0;27,2;59,9;87 %;D;1,71;1,28
2026-07-17 15:06;7,85363;-73,76065;MODIS-Aqua;43,5;28,0;8,1;68 %;D;1,44;1,19
2026-07-17 15:06;8,31177;-72,48345;MODIS-Aqua;48,2;24,3;14,7;76 %;D;1,18;1,08
2026-07-17 15:06;8,31017;-72,49371;MODIS-Aqua;60,2;25,6;33,3;86 %;D;1,18;1,08
2026-07-17 15:06;7,89873;-75,55286;MODIS-Aqua;45,6;29,8;21,2;49 %;D;1,96;1,37
2026-07-17 15:06;8,30739;-73,68636;MODIS-Aqua;47,6;30,9;9,8;73 %;D;1,4;1,17
2026-07-17 15:06;8,58338;-73,82445;MODIS-Aqua;44,0;29,4;7,4;0 %;D;1,42;1,18
2026-07-17 15:06;8,67405;-73,37864;MODIS-Aqua;73,0;21,2;76,9;93 %;D;1,32;1,14
2026-07-17 15:06;8,67227;-73,39005;MODIS-Aqua;56,3;23,3;37,2;81 %;D;1,32;1,14
2026-07-17 15:06;8,83739;-73,51737;MODIS-Aqua;58,2;32,4;33,7;83 %;D;1,34;1,15
2026-07-17 15:06;8,92895;-72,99161;MODIS-Aqua;45,6;24,6;14,5;67 %;D;1,24;1,11
2026-07-17 15:06;8,84742;-73,51871;MODIS-Aqua;59,9;32,2;37,0;84 %;D;1,34;1,15
2026-07-17 15:06;8,81311;-73,87389;MODIS-Aqua;67,2;35,8;50,2;89 %;D;1,42;1,18
2026-07-17 15:06;8,81119;-73,88629;MODIS-Aqua;59,9;36,6;32,2;84 %;D;1,42;1,18
2026-07-17 15:06;8,81248;-73,86765;MODIS-Aqua;50,1;35,9;12,0;70 %;D;1,41;1,18
2026-07-17 15:06;8,81048;-73,88001;MODIS-Aqua;64,1;36,9;42,6;87 %;D;1,42;1,18
2026-07-17 15:06;8,8313;-73,94724;MODIS-Aqua;57,7;35,9;29,4;82 %;D;1,43;1,18
2026-07-17 15:06;8,82929;-73,95979;MODIS-Aqua;51,3;35,6;17,3;72 %;D;1,43;1,18
2026-07-17 15:06;8,75579;-74,48566;MODIS-Aqua;58,5;30,9;42,5;0 %;D;1,57;1,23
2026-07-17 15:06;8,93204;-73,89253;MODIS-Aqua;54,4;33,0;23,5;0 %;D;1,41;1,18
2026-07-17 15:06;9,10822;-73,49774;MODIS-Aqua;53,1;35,0;20,2;78 %;D;1,32;1,14
2026-07-17 15:06;9,04788;-74,15081;MODIS-Aqua;44,9;32,0;8,3;65 %;D;1,47;1,2
2026-07-17 15:06;9,2146;-73,47033;MODIS-Aqua;69,0;29,9;58,2;91 %;D;1,31;1,14
2026-07-17 15:06;9,292;-73,63589;MODIS-Aqua;54,2;35,5;16,0;59 %;D;1,34;1,15
2026-07-17 15:06;9,302;-73,63753;MODIS-Aqua;56,5;34,8;18,4;24 %;D;1,34;1,15
2026-07-17 15:06;9,63149;-74,79025;MODIS-Aqua;52,6;30,0;20,9;0 %;D;1,6;1,24
2026-07-17 15:06;9,79207;-73,78988;MODIS-Aqua;62,9;34,3;30,4;85 %;D;1,35;1,15
2026-07-17 15:06;10,94112;-73,13942;MODIS-Aqua;71,0;28,4;57,0;92 %;D;1,19;1,08
2026-07-17 15:06;10,9427;-73,12918;MODIS-Aqua;39,6;24,9;6,0;16 %;D;1,19;1,08
2026-07-17 15:06;10,93018;-73,14758;MODIS-Aqua;47,0;25,7;15,2;71 %;D;1,19;1,09
2026-07-17 15:06;10,42897;-72,98643;MODIS-Aqua;53,2;25,5;23,8;75 %;D;1,18;1,08
2026-07-17 15:06;10,26775;-73,12056;MODIS-Aqua;59,1;30,6;30,4;82 %;D;1,21;1,09
2026-07-17 15:06;9,92782;-74,60344;MODIS-Aqua;51,8;35,7;12,7;70 %;D;1,53;1,22
2026-07-17 15:08;11,03547;-73,06886;MODIS-Aqua;58,9;29,7;28,1;84 %;D;1,17;1,08
2026-07-17 15:08;11,00258;-73,09434;MODIS-Aqua;57,9;29,8;26,9;83 %;D;1,18;1,08
